gamma  mean  std
-1.794999999701976776e+02 0.000000000000000000e+00 0.000000000000000000e+00
-1.784999999105930328e+02 6.645373535156250000e+01 2.395015478134155273e+00
-1.774999998509883881e+02 6.661738586425781250e+01 2.444700479507446289e+00
-1.764999997913837433e+02 6.771900939941406250e+01 1.742982029914855957e+00
-1.754999997317790985e+02 6.852384185791015625e+01 2.675516128540039062e+00
-1.744999996721744253e+02 7.305303192138671875e+01 6.727975368499755859e+00
-1.734999996125698090e+02 8.299978637695312500e+01 1.734687232971191406e+01
-1.724999995529651642e+02 1.092139434814453125e+02 5.215385437011718750e+01
-1.714999994933605194e+02 1.622888183593750000e+02 1.342646789550781250e+02
-1.704999994337558746e+02 1.857792358398437500e+02 1.700253601074218750e+02
-1.694999993741512299e+02 1.339621582031250000e+02 9.092651367187500000e+01
-1.684999993145465851e+02 9.208073425292968750e+01 3.104242515563964844e+01
-1.674999992549419403e+02 7.683866882324218750e+01 1.373877525329589844e+01
-1.664999991953372955e+02 7.025244903564453125e+01 7.509921550750732422e+00
-1.654999991357326508e+02 6.714675903320312500e+01 4.284077644348144531e+00
-1.644999990761280060e+02 6.559699249267578125e+01 4.558544158935546875e+00
-1.634999990165233612e+02 6.586618804931640625e+01 3.900296926498413086e+00
-1.624999989569187164e+02 6.505743408203125000e+01 3.502088308334350586e+00
-1.614999988973140717e+02 6.492628479003906250e+01 3.793854951858520508e+00
-1.604999988377094269e+02 6.539131164550781250e+01 3.145758628845214844e+00
-1.594999987781047821e+02 6.628264617919921875e+01 3.014370918273925781e+00
-1.584999987185001373e+02 6.708279418945312500e+01 2.300637483596801758e+00
-1.574999986588954926e+02 6.591246032714843750e+01 2.466991901397705078e+00
-1.564999985992908478e+02 6.700458526611328125e+01 2.226121425628662109e+00
-1.554999985396862030e+02 6.631590270996093750e+01 1.585720300674438477e+00
-1.544999984800815582e+02 6.766344451904296875e+01 2.542916297912597656e+00
-1.534999984204769135e+02 6.846629333496093750e+01 2.752121925354003906e+00
-1.524999983608722687e+02 6.752885437011718750e+01 1.764374375343322754e+00
-1.514999983012676239e+02 6.717777252197265625e+01 1.636458754539489746e+00
-1.504999982416629791e+02 6.660227203369140625e+01 1.770987033843994141e+00
-1.494999981820583344e+02 6.686899566650390625e+01 1.909283638000488281e+00
-1.484999981224536896e+02 6.573027801513671875e+01 1.508886814117431641e+00
-1.474999980628490448e+02 6.962690734863281250e+01 1.210089778900146484e+01
-1.464999980032444000e+02 9.375887298583984375e+01 7.671285247802734375e+01
-1.454999979436397552e+02 6.588988494873046875e+01 1.616813778877258301e+00
-1.444999978840351105e+02 6.484727478027343750e+01 2.822047472000122070e+00
-1.434999978244304657e+02 6.656384277343750000e+01 1.576137065887451172e+00
-1.424999977648258209e+02 6.654350280761718750e+01 2.406548023223876953e+00
-1.414999977052211761e+02 6.806379699707031250e+01 2.966893196105957031e+00
-1.404999976456165314e+02 7.035001373291015625e+01 3.512840509414672852e+00
-1.394999975860118866e+02 7.040136718750000000e+01 5.165465831756591797e+00
-1.384999975264072418e+02 7.341253662109375000e+01 6.398475170135498047e+00
-1.374999974668025970e+02 7.538328552246093750e+01 8.351647377014160156e+00
-1.364999974071979523e+02 7.543186187744140625e+01 6.864307403564453125e+00
-1.354999973475933075e+02 7.219512176513671875e+01 5.020686149597167969e+00
-1.344999972879886627e+02 7.211963653564453125e+01 4.260780334472656250e+00
-1.334999972283840179e+02 7.402521514892578125e+01 4.535377979278564453e+00
-1.324999971687793732e+02 7.881092071533203125e+01 7.479786872863769531e+00
-1.314999971091747284e+02 9.508568572998046875e+01 2.224591636657714844e+01
-1.304999970495700836e+02 5.512169189453125000e+02 1.337887329101562500e+03
-1.294999969899654388e+02 1.021660614013671875e+02 4.178992462158203125e+01
-1.284999969303607941e+02 8.906199645996093750e+01 2.001940155029296875e+01
-1.274999968707561493e+02 8.711229705810546875e+01 1.625093460083007812e+01
-1.264999968111514903e+02 8.818285369873046875e+01 1.967795372009277344e+01
-1.254999967515468740e+02 8.393981170654296875e+01 1.503703308105468750e+01
-1.244999966919422150e+02 7.766143035888671875e+01 9.421554565429687500e+00
-1.234999966323375702e+02 7.124359893798828125e+01 5.516899108886718750e+00
-1.224999965727329112e+02 6.976841735839843750e+01 3.704628705978393555e+00
-1.214999965131282806e+02 6.742184448242187500e+01 5.206039905548095703e+00
-1.204999964535236359e+02 6.645085144042968750e+01 5.162567138671875000e+00
-1.194999963939190053e+02 6.685865020751953125e+01 5.596643447875976562e+00
-1.184999963343143605e+02 6.732380676269531250e+01 5.530858993530273438e+00
-1.174999962747097015e+02 6.927543640136718750e+01 7.161233901977539062e+00
-1.164999962151050568e+02 7.609188842773437500e+01 1.220278263092041016e+01
-1.154999961555003978e+02 9.145516967773437500e+01 2.862605094909667969e+01
-1.144999960958957672e+02 1.315491333007812500e+02 7.528624725341796875e+01
-1.134999960362911224e+02 2.331691284179687500e+02 2.089631347656250000e+02
-1.124999959766864777e+02 3.399619750976562500e+02 3.704795532226562500e+02
-1.114999959170818329e+02 2.739003906250000000e+02 2.755853576660156250e+02
-1.104999958574771881e+02 1.517110443115234375e+02 1.021005859375000000e+02
-1.094999957978725291e+02 9.557701873779296875e+01 3.313084030151367188e+01
-1.084999957382678986e+02 7.580265808105468750e+01 1.309657955169677734e+01
-1.074999956786632538e+02 6.661131286621093750e+01 4.649115562438964844e+00
-1.064999956190586090e+02 6.648393249511718750e+01 7.622416973114013672e+00
-1.054999955594539642e+02 6.758036804199218750e+01 1.385015869140625000e+01
-1.044999954998493195e+02 6.205278015136718750e+01 3.488544702529907227e+00
-1.034999954402446747e+02 6.319041061401367188e+01 5.768074035644531250e+00
-1.024999953806400299e+02 6.705502319335937500e+01 9.034044265747070312e+00
-1.014999953210353851e+02 7.844841766357421875e+01 1.840682029724121094e+01
-1.004999952614307404e+02 1.002916564941406250e+02 3.925315475463867188e+01
-9.949999520182609558e+01 1.420913391113281250e+02 8.788012695312500000e+01
-9.849999514222145081e+01 1.750329742431640625e+02 1.315845031738281250e+02
-9.749999508261680603e+01 1.546612091064453125e+02 1.065195693969726562e+02
-9.649999502301216125e+01 1.107902069091796875e+02 5.424910354614257812e+01
-9.549999496340751648e+01 8.313607788085937500e+01 2.227187728881835938e+01
-9.449999490380287170e+01 6.985883331298828125e+01 1.027678203582763672e+01
-9.349999484419822693e+01 6.462252807617187500e+01 5.590116500854492188e+00
-9.249999478459358215e+01 6.254380416870117188e+01 2.837539196014404297e+00
-9.149999472498893738e+01 6.117158889770507812e+01 2.410151004791259766e+00
-9.049999466538429260e+01 5.945884704589843750e+01 2.774054765701293945e+00
-8.949999460577964783e+01 5.277621841430664062e+01 1.904319286346435547e+00
-8.849999454617500305e+01 5.686643981933593750e+01 2.677143335342407227e+00
-8.749999448657035828e+01 5.749052047729492188e+01 1.958742260932922363e+00
-8.649999442696571350e+01 5.653043746948242188e+01 2.965727329254150391e+00
-8.549999436736106873e+01 5.807293701171875000e+01 2.533164978027343750e+00
-8.449999430775642395e+01 6.066233062744140625e+01 3.641970396041870117e+00
-8.349999424815177917e+01 6.172572708129882812e+01 3.804170608520507812e+00
-8.249999418854713440e+01 6.344377136230468750e+01 4.895444869995117188e+00
-8.149999412894248962e+01 6.653814697265625000e+01 5.450085639953613281e+00
-8.049999406933784485e+01 6.747257232666015625e+01 6.450918197631835938e+00
-7.949999400973320007e+01 6.859425354003906250e+01 5.372192382812500000e+00
-7.849999395012855530e+01 6.837564086914062500e+01 4.858098030090332031e+00
-7.749999389052391052e+01 6.765743255615234375e+01 3.203528642654418945e+00
-7.649999383091926575e+01 6.527526855468750000e+01 2.899856805801391602e+00
-7.549999377131462097e+01 6.397335052490234375e+01 2.388860940933227539e+00
-7.449999371170997620e+01 6.088100814819335938e+01 2.770665884017944336e+00
-7.349999365210533142e+01 6.185858535766601562e+01 1.830967307090759277e+00
-7.249999359250068665e+01 6.125332260131835938e+01 2.085787773132324219e+00
-7.149999353289604187e+01 6.214581680297851562e+01 3.093730688095092773e+00
-7.049999347329139709e+01 6.264908599853515625e+01 3.809877395629882812e+00
-6.949999341368675232e+01 6.497193145751953125e+01 6.799240112304687500e+00
-6.849999335408210754e+01 6.826847076416015625e+01 7.715534210205078125e+00
-6.749999329447746277e+01 7.140486145019531250e+01 9.418413162231445312e+00
-6.649999323487281799e+01 7.505532836914062500e+01 1.245627689361572266e+01
-6.549999317526817322e+01 7.656427764892578125e+01 1.217407131195068359e+01
-6.449999311566352844e+01 7.519707489013671875e+01 1.113841533660888672e+01
-6.349999305605889788e+01 7.013008117675781250e+01 6.061408996582031250e+00
-6.249999299645424600e+01 6.523287963867187500e+01 3.946089029312133789e+00
-6.149999293684959412e+01 6.281827545166015625e+01 2.664796590805053711e+00
-6.049999287724494224e+01 1.847902526855468750e+02 2.542482452392578125e+02
-5.949999281764031167e+01 6.043321228027343750e+01 3.268858909606933594e+00
-5.849999275803565979e+01 5.865753173828125000e+01 2.320307016372680664e+00
-5.749999269843100791e+01 5.830107116699218750e+01 2.463626384735107422e+00
-5.649999263882638445e+01 1.043405227661132812e+02 1.142569732666015625e+02
-5.549999257922173257e+01 6.528317260742187500e+01 1.190304088592529297e+01
-5.449999251961708069e+01 6.515502929687500000e+01 4.922040462493896484e+00
-5.349999246001242881e+01 6.918319702148437500e+01 7.236211299896240234e+00
-5.249999240040779824e+01 7.972091674804687500e+01 1.474796485900878906e+01
-5.149999234080314636e+01 1.068366622924804688e+02 4.231401443481445312e+01
-5.049999228119849448e+01 2.264997711181640625e+02 1.956910095214843750e+02
-4.949999222159387102e+01 6.392206054687500000e+03 7.481169921875000000e+03
-4.849999216198921914e+01 3.410482177734375000e+03 5.376839355468750000e+03
-4.749999210238456726e+01 2.346436920166015625e+02 1.730478668212890625e+02
-4.649999204277991538e+01 4.228811645507812500e+02 5.980228271484375000e+02
-4.549999198317528482e+01 9.595173645019531250e+01 2.439320182800292969e+01
-4.449999192357063293e+01 7.342540740966796875e+01 7.490135192871093750e+00
-4.349999186396598105e+01 7.093286895751953125e+01 5.934031963348388672e+00
-4.249999180436135759e+01 6.961570739746093750e+01 5.919937133789062500e+00
-4.149999174475670571e+01 7.174522399902343750e+01 9.062272071838378906e+00
-4.049999168515205383e+01 7.624964141845703125e+01 1.246520137786865234e+01
-3.949999162554740195e+01 7.834025573730468750e+01 1.498832321166992188e+01
-3.849999156594277139e+01 7.630284118652343750e+01 1.387770080566406250e+01
-3.749999150633811951e+01 7.184306335449218750e+01 1.029074382781982422e+01
-3.649999144673346763e+01 6.792678833007812500e+01 7.842064380645751953e+00
-3.549999138712884417e+01 6.706460571289062500e+01 5.377955436706542969e+00
-3.449999132752419229e+01 6.805670166015625000e+01 6.790920257568359375e+00
-3.349999126791954041e+01 7.744969940185546875e+01 1.653624343872070312e+01
-3.249999120831488852e+01 8.965139770507812500e+01 3.143554306030273438e+01
-3.149999114871025796e+01 8.780791473388671875e+01 3.042332458496093750e+01
-3.049999108910560608e+01 7.242228698730468750e+01 1.307043075561523438e+01
-2.949999102950095420e+01 6.455646514892578125e+01 6.225197792053222656e+00
-2.849999096989632719e+01 6.102827835083007812e+01 3.927255392074584961e+00
-2.749999091029167531e+01 5.958408737182617188e+01 3.185900211334228516e+00
-2.649999085068702342e+01 5.969546890258789062e+01 2.533674716949462891e+00
-2.549999079108239641e+01 5.815353775024414062e+01 1.641053080558776855e+00
-2.449999073147774453e+01 5.649496078491210938e+01 1.734087944030761719e+00
-2.349999067187309265e+01 5.741696929931640625e+01 2.089956760406494141e+00
-2.249999061226844077e+01 5.641021347045898438e+01 1.466313600540161133e+00
-2.149999055266381376e+01 5.611738586425781250e+01 1.704577565193176270e+00
-2.049999049305916188e+01 5.642689514160156250e+01 1.435048699378967285e+00
-1.949999043345451000e+01 5.644539642333984375e+01 1.669535756111145020e+00
-1.849999037384988299e+01 5.618776702880859375e+01 2.082106113433837891e+00
-1.749999031424523110e+01 5.475958251953125000e+01 1.505526065826416016e+00
-1.649999025464057922e+01 5.495037460327148438e+01 1.994860053062438965e+00
-1.549999019503592734e+01 5.424357604980468750e+01 2.150786876678466797e+00
-1.449999013543130033e+01 5.431872177124023438e+01 1.188442111015319824e+00
-1.349999007582664845e+01 5.390190887451171875e+01 1.091579079627990723e+00
-1.249999001622199657e+01 5.367182922363281250e+01 1.490887284278869629e+00
-1.149998995661736956e+01 5.209879302978515625e+01 1.924010872840881348e+00
-1.049998989701271768e+01 5.180078887939453125e+01 2.029926061630249023e+00
-9.499989837408065796e+00 5.168899917602539062e+01 1.371696352958679199e+00
-8.499989777803413915e+00 5.108646392822265625e+01 1.921856760978698730e+00
-7.499989718198786903e+00 5.171050643920898438e+01 1.772384881973266602e+00
-6.499989658594135022e+00 5.101533889770507812e+01 2.101361513137817383e+00
-5.499989598989483142e+00 5.070864486694335938e+01 2.297500610351562500e+00
-4.499989539384856130e+00 5.124678421020507812e+01 1.563313126564025879e+00
-3.499989479780204249e+00 5.129205322265625000e+01 1.497988104820251465e+00
-2.499989420175551924e+00 4.979417419433593750e+01 1.979749798774719238e+00
-1.499989360570899821e+00 5.055928802490234375e+01 2.359232664108276367e+00
-4.999893009662732535e-01 0.000000000000000000e+00 0.000000000000000000e+00
5.000107586383788494e-01 0.000000000000000000e+00 0.000000000000000000e+00
1.500010818243030952e+00 0.000000000000000000e+00 0.000000000000000000e+00
2.500010877847657742e+00 0.000000000000000000e+00 0.000000000000000000e+00
3.500010937452309623e+00 0.000000000000000000e+00 0.000000000000000000e+00
4.500010997056961948e+00 0.000000000000000000e+00 0.000000000000000000e+00
5.500011056661613829e+00 1.537170028686523438e+01 2.316687774658203125e+01
6.500011116266240840e+00 5.051875686645507812e+01 2.163878440856933594e+00
7.500011175870892721e+00 5.192063522338867188e+01 1.881909489631652832e+00
8.500011235475545490e+00 5.092431640625000000e+01 2.041670560836791992e+00
9.500011295080170726e+00 5.234020996093750000e+01 2.539698839187622070e+00
1.050001135468482261e+01 5.209508514404296875e+01 1.069181919097900391e+00
1.150001141428947626e+01 5.289723205566406250e+01 1.506504893302917480e+00
1.250001147389410150e+01 5.378183746337890625e+01 1.900847673416137695e+00
1.350001153349875338e+01 5.437977981567382812e+01 1.660105109214782715e+00
1.450001159310340704e+01 5.490686798095703125e+01 2.273391485214233398e+00
1.550001165270805892e+01 5.637182235717773438e+01 3.531922817230224609e+00
1.650001171231268415e+01 5.983462905883789062e+01 5.508909702301025391e+00
1.750001177191733603e+01 6.767566680908203125e+01 1.208795070648193359e+01
1.850001183152198792e+01 7.976543426513671875e+01 2.448042297363281250e+01
1.950001189112661493e+01 9.410205078125000000e+01 4.197554016113281250e+01
2.050001195073126681e+01 9.272808074951171875e+01 4.230408477783203125e+01
2.150001201033591869e+01 8.123341369628906250e+01 2.724250030517578125e+01
2.250001206994057057e+01 7.039712524414062500e+01 1.377501010894775391e+01
2.350001212954519758e+01 6.298440170288085938e+01 6.788616180419921875e+00
2.450001218914984946e+01 5.915287017822265625e+01 3.654086828231811523e+00
2.550001224875450134e+01 5.708515930175781250e+01 2.970240831375122070e+00
2.650001230835912835e+01 5.607744979858398438e+01 2.783344984054565430e+00
2.750001236796378024e+01 5.630966949462890625e+01 2.054549694061279297e+00
2.850001242756843212e+01 5.575212097167968750e+01 2.811073303222656250e+00
2.950001248717308400e+01 5.459780120849609375e+01 3.044208049774169922e+00
3.050001254677771101e+01 5.408821105957031250e+01 1.437613964080810547e+00
3.150001260638236289e+01 5.493260955810546875e+01 1.398581027984619141e+00
3.250001266598701477e+01 5.521138000488281250e+01 2.045538187026977539e+00
3.350001272559164534e+01 5.698213577270507812e+01 1.529850959777832031e+00
3.450001278519629722e+01 5.830749511718750000e+01 3.339024543762207031e+00
3.550001284480094910e+01 5.872751617431640625e+01 3.799718618392944336e+00
3.650001290440560098e+01 6.010461425781250000e+01 3.458681821823120117e+00
3.750001296401022444e+01 6.104315567016601562e+01 4.660696029663085938e+00
3.850001302361487632e+01 6.425497436523437500e+01 5.242853164672851562e+00
3.950001308321952820e+01 6.602783966064453125e+01 6.840805053710937500e+00
4.050001314282415876e+01 7.091050720214843750e+01 8.371639251708984375e+00
4.150001320242881064e+01 1.193498992919921875e+02 1.118029327392578125e+02
4.250001326203346252e+01 2.036110229492187500e+02 2.972912292480468750e+02
4.350001332163811441e+01 5.115574035644531250e+02 1.261206665039062500e+03
4.450001338124273786e+01 1.029783401489257812e+02 6.282538604736328125e+01
4.550001344084738975e+01 8.321665954589843750e+01 2.017563629150390625e+01
4.650001350045204163e+01 9.603150177001953125e+01 3.566198348999023438e+01
4.750001356005667219e+01 1.013904495239257812e+02 4.491860580444335938e+01
4.850001361966132407e+01 8.997584533691406250e+01 3.482574081420898438e+01
4.950001367926597595e+01 7.983780670166015625e+01 2.317308998107910156e+01
5.050001373887062783e+01 6.733306121826171875e+01 1.173512744903564453e+01
5.150001379847527971e+01 6.163806533813476562e+01 4.994376659393310547e+00
5.250001385807988186e+01 5.897688293457031250e+01 3.746781349182128906e+00
5.350001391768453374e+01 5.710978317260742188e+01 2.309334993362426758e+00
5.450001397728918562e+01 5.711594390869140625e+01 1.530098795890808105e+00
5.550001403689383750e+01 5.554998779296875000e+01 2.236176729202270508e+00
5.650001409649848938e+01 5.696065902709960938e+01 1.957898855209350586e+00
5.750001415610314126e+01 5.609925842285156250e+01 1.871135115623474121e+00
5.850001421570779314e+01 5.655132675170898438e+01 1.353477120399475098e+00
5.950001427531239528e+01 5.644139862060546875e+01 1.430817842483520508e+00
6.050001433491704717e+01 5.609343719482421875e+01 1.559530496597290039e+00
6.150001439452169905e+01 5.754932403564453125e+01 1.798016071319580078e+00
6.250001445412635093e+01 5.774397277832031250e+01 1.789051651954650879e+00
6.350001451373100281e+01 5.722943115234375000e+01 2.953981876373291016e+00
6.450001457333564758e+01 5.860165023803710938e+01 1.500982999801635742e+00
6.550001463294030657e+01 5.880963897705078125e+01 1.679040908813476562e+00
6.650001469254490871e+01 5.995935058593750000e+01 3.068438053131103516e+00
6.750001475214955349e+01 6.104925918579101562e+01 3.553154230117797852e+00
6.850001481175421247e+01 6.236812973022460938e+01 3.931007862091064453e+00
6.950001487135885725e+01 6.506867218017578125e+01 4.602820396423339844e+00
7.050001493096351624e+01 6.709638214111328125e+01 5.152312755584716797e+00
7.150001499056816101e+01 6.802262878417968750e+01 5.138165950775146484e+00
7.250001505017282000e+01 6.871167755126953125e+01 4.617403984069824219e+00
7.350001510977742214e+01 7.023472595214843750e+01 2.840507507324218750e+00
7.450001516938206692e+01 6.918196105957031250e+01 4.116302490234375000e+00
7.550001522898672590e+01 6.899087524414062500e+01 1.840996146202087402e+00
7.650001528859137068e+01 7.038745880126953125e+01 2.938546657562255859e+00
7.750001534819602966e+01 7.294125366210937500e+01 5.223725318908691406e+00
7.850001540780068865e+01 7.753829193115234375e+01 9.928862571716308594e+00
7.950001546740533342e+01 8.387700653076171875e+01 1.587565326690673828e+01
8.050001552700993557e+01 8.769834899902343750e+01 2.117327308654785156e+01
8.150001558661458034e+01 8.198306274414062500e+01 1.739668846130371094e+01
8.250001564621923933e+01 7.234835052490234375e+01 1.220300579071044922e+01
8.350001570582388410e+01 6.507691955566406250e+01 8.082826614379882812e+00
8.450001576542854309e+01 6.055479431152343750e+01 4.947568893432617188e+00
8.550001582503320208e+01 5.784149169921875000e+01 3.881799697875976562e+00
8.650001588463784685e+01 5.474709320068359375e+01 2.245787858963012695e+00
8.750001594424244900e+01 2.297014999389648438e+01 3.986374139785766602e+00
8.850001600384709377e+01 1.367112278938293457e+00 2.671113014221191406e-01
8.950001606345175276e+01 1.425283670425415039e+00 2.907914817333221436e-01
9.050001612305641174e+01 8.960982322692871094e+00 2.826774835586547852e+00
9.150001618266105652e+01 5.173069763183593750e+01 1.915825605392456055e+00
9.250001624226571550e+01 5.794008255004882812e+01 8.716615676879882812e+00
9.350001630187036028e+01 5.695544815063476562e+01 3.121760606765747070e+00
9.450001636147496242e+01 5.814202499389648438e+01 2.601742029190063477e+00
9.550001642107962141e+01 5.881024169921875000e+01 1.764418482780456543e+00
9.650001648068426618e+01 6.368100357055664062e+01 6.267417907714843750e+00
9.750001654028892517e+01 6.164916992187500000e+01 3.927092075347900391e+00
9.850001659989356995e+01 6.490607452392578125e+01 5.314047336578369141e+00
9.950001665949822893e+01 6.968607330322265625e+01 1.075974559783935547e+01
1.005000167191028737e+02 7.793318176269531250e+01 1.839332771301269531e+01
1.015000167787074759e+02 8.160103607177734375e+01 2.106210517883300781e+01
1.025000168383121348e+02 7.722331237792968750e+01 1.826349639892578125e+01
1.035000168979167796e+02 7.456793212890625000e+01 1.190728569030761719e+01
1.045000169575214386e+02 7.310421752929687500e+01 9.006781578063964844e+00
1.055000170171260834e+02 7.482114410400390625e+01 9.199485778808593750e+00
1.065000170767307424e+02 7.652993774414062500e+01 1.195579624176025391e+01
1.075000171363353871e+02 8.134327697753906250e+01 1.540288925170898438e+01
1.085000171959399893e+02 8.374423217773437500e+01 1.518652915954589844e+01
1.095000172555446483e+02 8.221796417236328125e+01 1.092056274414062500e+01
1.105000173151492930e+02 7.884948730468750000e+01 8.563429832458496094e+00
1.115000173747539520e+02 7.885668945312500000e+01 8.427648544311523438e+00
1.125000174343585968e+02 8.176760864257812500e+01 1.077758121490478516e+01
1.135000174939632558e+02 8.214336395263671875e+01 1.342629814147949219e+01
1.145000175535679006e+02 8.084894561767578125e+01 1.240561389923095703e+01
1.155000176131725027e+02 7.669023132324218750e+01 9.049631118774414062e+00
1.165000176727771617e+02 7.380187988281250000e+01 6.798625946044921875e+00
1.175000177323818065e+02 7.141404724121093750e+01 4.601250171661376953e+00
1.185000177919864655e+02 6.951113891601562500e+01 2.431883573532104492e+00
1.195000178515911102e+02 6.972732543945312500e+01 2.871479272842407227e+00
1.205000179111957692e+02 6.875989532470703125e+01 2.528913021087646484e+00
1.215000179708003714e+02 6.857030487060546875e+01 2.439076900482177734e+00
1.225000180304050161e+02 6.938936614990234375e+01 2.586784839630126953e+00
1.235000180900096751e+02 6.975335693359375000e+01 2.442643165588378906e+00
1.245000181496143199e+02 6.903268432617187500e+01 1.772245407104492188e+00
1.255000182092189789e+02 7.017366790771484375e+01 1.930791854858398438e+00
1.265000182688236237e+02 6.990555572509765625e+01 2.569334268569946289e+00
1.275000183284282826e+02 7.245390319824218750e+01 3.211638927459716797e+00
1.285000183880328848e+02 7.164141082763671875e+01 3.356883049011230469e+00
1.295000184476375296e+02 7.227293395996093750e+01 3.268425464630126953e+00
1.305000185072421743e+02 7.332038879394531250e+01 3.608719587326049805e+00
1.315000185668468475e+02 7.399507141113281250e+01 4.319464683532714844e+00
1.325000186264514923e+02 7.633657836914062500e+01 7.448300838470458984e+00
1.335000186860561371e+02 7.873522949218750000e+01 9.796572685241699219e+00
1.345000187456607819e+02 7.303000640869140625e+01 4.992698192596435547e+00
1.355000188052653982e+02 7.377270507812500000e+01 2.805835723876953125e+00
1.365000188648700430e+02 7.330760955810546875e+01 3.556113243103027344e+00
1.375000189244746878e+02 7.310717010498046875e+01 3.276208162307739258e+00
1.385000189840793610e+02 7.228556823730468750e+01 2.223600625991821289e+00
1.395000190436840057e+02 7.153636169433593750e+01 2.286597013473510742e+00
1.405000191032886505e+02 7.167589569091796875e+01 2.102646350860595703e+00
1.415000191628932953e+02 6.955903625488281250e+01 2.422001600265502930e+00
1.425000192224979116e+02 6.915318298339843750e+01 1.780816197395324707e+00
1.435000192821025564e+02 6.784373474121093750e+01 1.671238303184509277e+00
1.445000193417072012e+02 6.851579284667968750e+01 2.628606319427490234e+00
1.455000194013118744e+02 6.780144500732421875e+01 1.113397598266601562e+00
1.465000194609165192e+02 6.758726501464843750e+01 1.459210395812988281e+00
1.475000195205211639e+02 6.664835357666015625e+01 1.604281425476074219e+00
1.485000195801258087e+02 6.702002716064453125e+01 2.040455102920532227e+00
1.495000196397304251e+02 6.739057922363281250e+01 2.438721895217895508e+00
1.505000196993350698e+02 6.823807525634765625e+01 1.555160880088806152e+00
1.515000197589397146e+02 6.990205383300781250e+01 3.032499790191650391e+00
1.525000198185443878e+02 2.272580261230468750e+02 3.152221984863281250e+02
1.535000198781490326e+02 8.494419860839843750e+01 2.343041419982910156e+01
1.545000199377536774e+02 7.270100402832031250e+01 3.582447290420532227e+00
1.555000199973583221e+02 7.185434722900390625e+01 3.600494384765625000e+00
1.565000200569629385e+02 7.468521118164062500e+01 5.662769794464111328e+00
1.575000201165675833e+02 7.947745513916015625e+01 7.673172950744628906e+00
1.585000201761722280e+02 8.658563995361328125e+01 1.641689300537109375e+01
1.595000202357769012e+02 1.129976501464843750e+02 4.665161514282226562e+01
1.605000202953815460e+02 1.799855651855468750e+02 1.438289489746093750e+02
1.615000203549861908e+02 2.560160827636718750e+02 2.672506408691406250e+02
1.625000204145908356e+02 2.045379180908203125e+02 1.832984008789062500e+02
1.635000204741954519e+02 1.250760879516601562e+02 6.348648452758789062e+01
1.645000205338000967e+02 9.113524627685546875e+01 1.996460533142089844e+01
1.655000205934047415e+02 7.893970489501953125e+01 7.806414127349853516e+00
1.665000206530094147e+02 7.454398345947265625e+01 4.354575157165527344e+00
1.675000207126140594e+02 7.187297058105468750e+01 4.022343635559082031e+00
1.685000207722187042e+02 7.255449676513671875e+01 2.763751745223999023e+00
1.695000208318233490e+02 7.528298950195312500e+01 5.893388748168945312e+00
1.705000208914279654e+02 8.041711425781250000e+01 8.841889381408691406e+00
1.715000209510326101e+02 8.653511810302734375e+01 1.635152626037597656e+01
1.725000210106372549e+02 9.409552764892578125e+01 2.655663681030273438e+01
1.735000210702419281e+02 9.768287658691406250e+01 3.054391479492187500e+01
1.745000211298465729e+02 2.183657073974609375e+01 3.302674484252929688e+01
1.755000211894512177e+02 0.000000000000000000e+00 0.000000000000000000e+00
1.765000212490558624e+02 0.000000000000000000e+00 0.000000000000000000e+00
1.775000213086604788e+02 0.000000000000000000e+00 0.000000000000000000e+00
1.785000213682651236e+02 0.000000000000000000e+00 0.000000000000000000e+00
1.795000214278697968e+02 0.000000000000000000e+00 0.000000000000000000e+00
