gamma  mean  std
-1.794999999701976776e+02 3.589034652709960938e+01 1.965932726860046387e+00
-1.784999999105930328e+02 3.466075515747070312e+01 1.337934136390686035e+00
-1.774999998509883881e+02 3.443750381469726562e+01 1.442817687988281250e+00
-1.764999997913837433e+02 3.504012680053710938e+01 1.510852694511413574e+00
-1.754999997317790985e+02 3.572901535034179688e+01 1.653094410896301270e+00
-1.744999996721744253e+02 3.573234558105468750e+01 9.402651190757751465e-01
-1.734999996125698090e+02 3.616030120849609375e+01 5.717062354087829590e-01
-1.724999995529651642e+02 3.713534164428710938e+01 6.888053417205810547e-01
-1.714999994933605194e+02 3.790931320190429688e+01 9.629106521606445312e-01
-1.704999994337558746e+02 3.756003952026367188e+01 1.038098096847534180e+00
-1.694999993741512299e+02 3.638780212402343750e+01 7.545992732048034668e-01
-1.684999993145465851e+02 3.694589614868164062e+01 1.648479819297790527e+00
-1.674999992549419403e+02 3.623820877075195312e+01 1.697680711746215820e+00
-1.664999991953372955e+02 3.732421493530273438e+01 1.573437571525573730e+00
-1.654999991357326508e+02 3.741144180297851562e+01 1.681134104728698730e+00
-1.644999990761280060e+02 3.756754684448242188e+01 1.610976099967956543e+00
-1.634999990165233612e+02 3.705279159545898438e+01 2.643406867980957031e+00
-1.624999989569187164e+02 3.688369750976562500e+01 1.789575815200805664e+00
-1.614999988973140717e+02 3.652837753295898438e+01 1.936542034149169922e+00
-1.604999988377094269e+02 3.625785064697265625e+01 2.624666452407836914e+00
-1.594999987781047821e+02 3.616922760009765625e+01 1.763165831565856934e+00
-1.584999987185001373e+02 3.613104629516601562e+01 1.353336095809936523e+00
-1.574999986588954926e+02 3.586574172973632812e+01 1.875691413879394531e+00
-1.564999985992908478e+02 3.586598587036132812e+01 4.674534797668457031e-01
-1.554999985396862030e+02 3.612218475341796875e+01 1.876509428024291992e+00
-1.544999984800815582e+02 3.659714889526367188e+01 7.833207249641418457e-01
-1.534999984204769135e+02 3.638493728637695312e+01 4.459082782268524170e-01
-1.524999983608722687e+02 3.566802215576171875e+01 1.295633792877197266e+00
-1.514999983012676239e+02 3.583119964599609375e+01 6.832190155982971191e-01
-1.504999982416629791e+02 3.568896865844726562e+01 6.010650396347045898e-01
-1.494999981820583344e+02 3.364264297485351562e+01 8.524501919746398926e-01
-1.484999981224536896e+02 3.306137084960937500e+01 9.465812444686889648e-01
-1.474999980628490448e+02 3.247779464721679688e+01 8.035407066345214844e-01
-1.464999980032444000e+02 3.222738265991210938e+01 5.937920212745666504e-01
-1.454999979436397552e+02 3.189936828613281250e+01 9.737545847892761230e-01
-1.444999978840351105e+02 3.217761993408203125e+01 9.542601108551025391e-01
-1.434999978244304657e+02 3.202592849731445312e+01 1.199927330017089844e+00
-1.424999977648258209e+02 3.210800170898437500e+01 1.281235337257385254e+00
-1.414999977052211761e+02 3.275419235229492188e+01 9.452861547470092773e-01
-1.404999976456165314e+02 3.340252304077148438e+01 1.078186750411987305e+00
-1.394999975860118866e+02 3.318095779418945312e+01 1.005487442016601562e+00
-1.384999975264072418e+02 3.366451263427734375e+01 1.631528377532958984e+00
-1.374999974668025970e+02 3.418164825439453125e+01 7.602160573005676270e-01
-1.364999974071979523e+02 3.384641647338867188e+01 5.655825734138488770e-01
-1.354999973475933075e+02 3.369714736938476562e+01 9.574455618858337402e-01
-1.344999972879886627e+02 3.288478469848632812e+01 1.318133831024169922e+00
-1.334999972283840179e+02 3.378247833251953125e+01 1.126687645912170410e+00
-1.324999971687793732e+02 3.372784805297851562e+01 1.423368453979492188e+00
-1.314999971091747284e+02 3.381244277954101562e+01 6.961390972137451172e-01
-1.304999970495700836e+02 3.394786453247070312e+01 1.476118206977844238e+00
-1.294999969899654388e+02 3.337921524047851562e+01 1.173043847084045410e+00
-1.284999969303607941e+02 3.203086471557617188e+01 9.166793823242187500e-01
-1.274999968707561493e+02 3.232784271240234375e+01 1.250896334648132324e+00
-1.264999968111514903e+02 3.140466117858886719e+01 7.217203378677368164e-01
-1.254999967515468740e+02 3.104782295227050781e+01 8.889061212539672852e-01
-1.244999966919422150e+02 3.094322395324707031e+01 9.663795828819274902e-01
-1.234999966323375702e+02 3.046191024780273438e+01 3.506861627101898193e-01
-1.224999965727329112e+02 3.037911987304687500e+01 1.087478399276733398e+00
-1.214999965131282806e+02 2.999899673461914062e+01 1.222246289253234863e+00
-1.204999964535236359e+02 3.036921501159667969e+01 5.756828188896179199e-01
-1.194999963939190053e+02 2.965879249572753906e+01 9.276787042617797852e-01
-1.184999963343143605e+02 2.967104911804199219e+01 1.291645526885986328e+00
-1.174999962747097015e+02 3.037981796264648438e+01 8.885427117347717285e-01
-1.164999962151050568e+02 2.943146896362304688e+01 1.000509262084960938e+00
-1.154999961555003978e+02 2.987242317199707031e+01 7.545508146286010742e-01
-1.144999960958957672e+02 3.131985282897949219e+01 1.188297748565673828e+00
-1.134999960362911224e+02 3.031200027465820312e+01 1.128488898277282715e+00
-1.124999959766864777e+02 3.084395980834960938e+01 9.190721511840820312e-01
-1.114999959170818329e+02 3.015434837341308594e+01 1.070141315460205078e+00
-1.104999958574771881e+02 3.029958152770996094e+01 1.095595836639404297e+00
-1.094999957978725291e+02 3.001320457458496094e+01 8.827625513076782227e-01
-1.084999957382678986e+02 3.063044929504394531e+01 9.368475675582885742e-01
-1.074999956786632538e+02 3.039797973632812500e+01 7.721451520919799805e-01
-1.064999956190586090e+02 3.058985328674316406e+01 8.547171354293823242e-01
-1.054999955594539642e+02 3.013731193542480469e+01 9.161468148231506348e-01
-1.044999954998493195e+02 3.017280006408691406e+01 7.772263884544372559e-01
-1.034999954402446747e+02 3.017425155639648438e+01 1.241494894027709961e+00
-1.024999953806400299e+02 2.965276527404785156e+01 8.049876093864440918e-01
-1.014999953210353851e+02 3.035433578491210938e+01 1.032459974288940430e+00
-1.004999952614307404e+02 3.062620925903320312e+01 9.143949151039123535e-01
-9.949999520182609558e+01 3.004616355895996094e+01 4.905345141887664795e-01
-9.849999514222145081e+01 3.011637878417968750e+01 8.091912269592285156e-01
-9.749999508261680603e+01 3.095593833923339844e+01 7.685623764991760254e-01
-9.649999502301216125e+01 3.063550186157226562e+01 7.013292312622070312e-01
-9.549999496340751648e+01 3.079221153259277344e+01 1.020393610000610352e+00
-9.449999490380287170e+01 3.073348999023437500e+01 8.767461180686950684e-01
-9.349999484419822693e+01 3.043753433227539062e+01 1.591367244720458984e+00
-9.249999478459358215e+01 3.061913681030273438e+01 1.328580141067504883e+00
-9.149999472498893738e+01 3.083564186096191406e+01 8.735167384147644043e-01
-9.049999466538429260e+01 2.967104721069335938e+01 9.999460577964782715e-01
-8.949999460577964783e+01 2.863466835021972656e+01 1.050910353660583496e+00
-8.849999454617500305e+01 3.051280021667480469e+01 8.188372254371643066e-01
-8.749999448657035828e+01 3.193540954589843750e+01 6.806176304817199707e-01
-8.649999442696571350e+01 3.141418266296386719e+01 1.154873967170715332e+00
-8.549999436736106873e+01 3.230063629150390625e+01 8.820891976356506348e-01
-8.449999430775642395e+01 3.256928634643554688e+01 1.116852879524230957e+00
-8.349999424815177917e+01 3.414254379272460938e+01 7.927121520042419434e-01
-8.249999418854713440e+01 3.365463256835937500e+01 4.474907517433166504e-01
-8.149999412894248962e+01 3.298170852661132812e+01 7.834840416908264160e-01
-8.049999406933784485e+01 3.397272872924804688e+01 5.197044610977172852e-01
-7.949999400973320007e+01 3.302810287475585938e+01 1.316531300544738770e+00
-7.849999395012855530e+01 3.221963119506835938e+01 6.637024879455566406e-01
-7.749999389052391052e+01 3.205936813354492188e+01 7.670909762382507324e-01
-7.649999383091926575e+01 3.089795112609863281e+01 9.308123588562011719e-01
-7.549999377131462097e+01 3.112067222595214844e+01 1.200625896453857422e+00
-7.449999371170997620e+01 2.968569564819335938e+01 1.192519307136535645e+00
-7.349999365210533142e+01 3.037181663513183594e+01 8.083744049072265625e-01
-7.249999359250068665e+01 2.955377578735351562e+01 1.314089179039001465e+00
-7.149999353289604187e+01 3.050313186645507812e+01 1.083484411239624023e+00
-7.049999347329139709e+01 2.992086601257324219e+01 1.144113302230834961e+00
-6.949999341368675232e+01 3.063679504394531250e+01 1.096160054206848145e+00
-6.849999335408210754e+01 2.984062194824218750e+01 9.899744987487792969e-01
-6.749999329447746277e+01 3.052777099609375000e+01 4.732944369316101074e-01
-6.649999323487281799e+01 3.035199165344238281e+01 9.476401209831237793e-01
-6.549999317526817322e+01 3.181016540527343750e+01 2.211727857589721680e+00
-6.449999311566352844e+01 3.027218055725097656e+01 8.749110698699951172e-01
-6.349999305605889788e+01 3.108951377868652344e+01 9.079259037971496582e-01
-6.249999299645424600e+01 3.104369735717773438e+01 8.456602096557617188e-01
-6.149999293684959412e+01 3.142026138305664062e+01 6.953313946723937988e-01
-6.049999287724494224e+01 3.153244590759277344e+01 7.580659389495849609e-01
-5.949999281764031167e+01 3.138286399841308594e+01 5.435730218887329102e-01
-5.849999275803565979e+01 3.139197731018066406e+01 8.211483359336853027e-01
-5.749999269843100791e+01 3.225906753540039062e+01 1.470095634460449219e+00
-5.649999263882638445e+01 3.239826202392578125e+01 1.182423710823059082e+00
-5.549999257922173257e+01 3.356717681884765625e+01 1.624578952789306641e+00
-5.449999251961708069e+01 3.369270706176757812e+01 1.172282457351684570e+00
-5.349999246001242881e+01 3.471591186523437500e+01 6.706898212432861328e-01
-5.249999240040779824e+01 3.485346984863281250e+01 1.982130110263824463e-01
-5.149999234080314636e+01 3.411876296997070312e+01 9.366558790206909180e-01
-5.049999228119849448e+01 3.365614700317382812e+01 9.800772070884704590e-01
-4.949999222159387102e+01 3.311891937255859375e+01 9.652889370918273926e-01
-4.849999216198921914e+01 3.272449111938476562e+01 1.491200566291809082e+00
-4.749999210238456726e+01 3.215509796142578125e+01 9.338685870170593262e-01
-4.649999204277991538e+01 3.235754013061523438e+01 8.455522656440734863e-01
-4.549999198317528482e+01 3.159824943542480469e+01 9.955450892448425293e-01
-4.449999192357063293e+01 3.169887351989746094e+01 1.176705002784729004e+00
-4.349999186396598105e+01 3.196500015258789062e+01 1.579581856727600098e+00
-4.249999180436135759e+01 3.194625473022460938e+01 7.271081805229187012e-01
-4.149999174475670571e+01 3.148821067810058594e+01 7.418181300163269043e-01
-4.049999168515205383e+01 3.161692428588867188e+01 9.119104146957397461e-01
-3.949999162554740195e+01 3.143260574340820312e+01 9.073009490966796875e-01
-3.849999156594277139e+01 3.150242805480957031e+01 1.183547496795654297e+00
-3.749999150633811951e+01 3.164039421081542969e+01 8.433439135551452637e-01
-3.649999144673346763e+01 3.118213272094726562e+01 7.081617116928100586e-01
-3.549999138712884417e+01 3.147385787963867188e+01 9.369856119155883789e-01
-3.449999132752419229e+01 3.104086875915527344e+01 1.540215969085693359e+00
-3.349999126791954041e+01 3.049759483337402344e+01 1.233819484710693359e+00
-3.249999120831488852e+01 3.046717643737792969e+01 1.380337715148925781e+00
-3.149999114871025796e+01 3.037577247619628906e+01 1.267301678657531738e+00
-3.049999108910560608e+01 3.003849601745605469e+01 5.943512320518493652e-01
-2.949999102950095420e+01 2.920085525512695312e+01 7.772999405860900879e-01
-2.849999096989632719e+01 3.039011001586914062e+01 1.090596079826354980e+00
-2.749999091029167531e+01 2.950126647949218750e+01 8.097546696662902832e-01
-2.649999085068702342e+01 3.039925956726074219e+01 1.140370011329650879e+00
-2.549999079108239641e+01 2.985754394531250000e+01 6.837742328643798828e-01
-2.449999073147774453e+01 2.925785255432128906e+01 1.353405952453613281e+00
-2.349999067187309265e+01 2.996833992004394531e+01 8.360180854797363281e-01
-2.249999061226844077e+01 2.936785888671875000e+01 1.208729267120361328e+00
-2.149999055266381376e+01 2.986336135864257812e+01 9.048263430595397949e-01
-2.049999049305916188e+01 2.924756240844726562e+01 6.894980072975158691e-01
-1.949999043345451000e+01 2.936062622070312500e+01 1.268480062484741211e+00
-1.849999037384988299e+01 3.056210136413574219e+01 6.135804057121276855e-01
-1.749999031424523110e+01 2.983513450622558594e+01 9.057874083518981934e-01
-1.649999025464057922e+01 3.025120544433593750e+01 9.860522150993347168e-01
-1.549999019503592734e+01 3.020822715759277344e+01 8.854471445083618164e-01
-1.449999013543130033e+01 3.045515251159667969e+01 4.697798192501068115e-01
-1.349999007582664845e+01 3.077532386779785156e+01 8.988136053085327148e-01
-1.249999001622199657e+01 3.066003417968750000e+01 5.499777793884277344e-01
-1.149998995661736956e+01 3.043986892700195312e+01 8.149851560592651367e-01
-1.049998989701271768e+01 3.058390617370605469e+01 9.767795801162719727e-01
-9.499989837408065796e+00 3.043644714355468750e+01 5.468983054161071777e-01
-8.499989777803413915e+00 3.002287101745605469e+01 1.013638734817504883e+00
-7.499989718198786903e+00 3.018673324584960938e+01 7.734183669090270996e-01
-6.499989658594135022e+00 2.874133872985839844e+01 6.699564456939697266e-01
-5.499989598989483142e+00 3.032424354553222656e+01 8.496126532554626465e-01
-4.499989539384856130e+00 2.923019027709960938e+01 7.693981528282165527e-01
-3.499989479780204249e+00 2.963724136352539062e+01 1.058998465538024902e+00
-2.499989420175551924e+00 2.869721984863281250e+01 6.052314043045043945e-01
-1.499989360570899821e+00 2.801342582702636719e+01 7.809067964553833008e-01
-4.999893009662732535e-01 2.902406883239746094e+01 1.090565204620361328e+00
5.000107586383788494e-01 0.000000000000000000e+00 0.000000000000000000e+00
1.500010818243030952e+00 0.000000000000000000e+00 0.000000000000000000e+00
2.500010877847657742e+00 0.000000000000000000e+00 0.000000000000000000e+00
3.500010937452309623e+00 2.941140747070312500e+01 2.778074502944946289e+00
4.500010997056961948e+00 2.699412345886230469e+01 1.469993352890014648e+00
5.500011056661613829e+00 2.775998497009277344e+01 8.922162055969238281e-01
6.500011116266240840e+00 2.770277976989746094e+01 9.055981040000915527e-01
7.500011175870892721e+00 2.818538475036621094e+01 6.597767472267150879e-01
8.500011235475545490e+00 2.825143241882324219e+01 4.179646372795104980e-01
9.500011295080170726e+00 2.796066474914550781e+01 6.027028560638427734e-01
1.050001135468482261e+01 2.781617355346679688e+01 5.863869786262512207e-01
1.150001141428947626e+01 2.767896461486816406e+01 6.812233924865722656e-01
1.250001147389410150e+01 2.781972122192382812e+01 1.276369452476501465e+00
1.350001153349875338e+01 2.741198921203613281e+01 6.305611729621887207e-01
1.450001159310340704e+01 2.811985969543457031e+01 9.483744502067565918e-01
1.550001165270805892e+01 2.826511764526367188e+01 6.531910896301269531e-01
1.650001171231268415e+01 2.809683609008789062e+01 8.100290894508361816e-01
1.750001177191733603e+01 2.759296035766601562e+01 9.504669308662414551e-01
1.850001183152198792e+01 2.808689498901367188e+01 9.976033568382263184e-01
1.950001189112661493e+01 2.854959487915039062e+01 1.292551755905151367e+00
2.050001195073126681e+01 2.871153640747070312e+01 8.771331310272216797e-01
2.150001201033591869e+01 2.915159797668457031e+01 5.529253482818603516e-01
2.250001206994057057e+01 2.901266479492187500e+01 1.107505321502685547e+00
2.350001212954519758e+01 2.858269309997558594e+01 1.322616457939147949e+00
2.450001218914984946e+01 2.883284950256347656e+01 1.016026377677917480e+00
2.550001224875450134e+01 2.947918891906738281e+01 8.023576140403747559e-01
2.650001230835912835e+01 2.889448165893554688e+01 1.229794621467590332e+00
2.750001236796378024e+01 2.895270919799804688e+01 4.619076848030090332e-01
2.850001242756843212e+01 2.932492446899414062e+01 5.928128957748413086e-01
2.950001248717308400e+01 2.968466567993164062e+01 5.745440721511840820e-01
3.050001254677771101e+01 2.893528938293457031e+01 1.087637424468994141e+00
3.150001260638236289e+01 3.021829414367675781e+01 8.005328774452209473e-01
3.250001266598701477e+01 2.873214149475097656e+01 1.049432992935180664e+00
3.350001272559164534e+01 2.831996536254882812e+01 6.742837429046630859e-01
3.450001278519629722e+01 2.856910324096679688e+01 8.969823122024536133e-01
3.550001284480094910e+01 2.886503601074218750e+01 1.455060958862304688e+00
3.650001290440560098e+01 2.869667243957519531e+01 6.893425583839416504e-01
3.750001296401022444e+01 2.853607749938964844e+01 9.445261359214782715e-01
3.850001302361487632e+01 2.919911193847656250e+01 6.479164958000183105e-01
3.950001308321952820e+01 2.837544822692871094e+01 1.084947466850280762e+00
4.050001314282415876e+01 2.958340644836425781e+01 1.177014231681823730e+00
4.150001320242881064e+01 2.972379112243652344e+01 2.347073853015899658e-01
4.250001326203346252e+01 2.982206535339355469e+01 8.081766963005065918e-01
4.350001332163811441e+01 2.971786880493164062e+01 1.124836087226867676e+00
4.450001338124273786e+01 2.975244712829589844e+01 4.866712093353271484e-01
4.550001344084738975e+01 3.006329727172851562e+01 4.260306954383850098e-01
4.650001350045204163e+01 3.057371139526367188e+01 8.852798342704772949e-01
4.750001356005667219e+01 3.159465980529785156e+01 1.468326091766357422e+00
4.850001361966132407e+01 3.217453765869140625e+01 1.863961100578308105e+00
4.950001367926597595e+01 3.113609504699707031e+01 2.410470485687255859e+00
5.050001373887062783e+01 3.156949043273925781e+01 1.786044359207153320e+00
5.150001379847527971e+01 3.105213737487792969e+01 1.153012990951538086e+00
5.250001385807988186e+01 2.987654113769531250e+01 1.249353289604187012e+00
5.350001391768453374e+01 2.987030410766601562e+01 7.344955801963806152e-01
5.450001397728918562e+01 2.991271972656250000e+01 6.155080795288085938e-01
5.550001403689383750e+01 2.958434104919433594e+01 1.389207124710083008e+00
5.650001409649848938e+01 3.053769493103027344e+01 1.087816119194030762e+00
5.750001415610314126e+01 3.004130554199218750e+01 6.713699698448181152e-01
5.850001421570779314e+01 3.064896965026855469e+01 9.423947334289550781e-01
5.950001427531239528e+01 3.076872825622558594e+01 1.218511581420898438e+00
6.050001433491704717e+01 3.076302719116210938e+01 1.581413865089416504e+00
6.150001439452169905e+01 2.963457870483398438e+01 5.615440607070922852e-01
6.250001445412635093e+01 2.964880561828613281e+01 1.370824217796325684e+00
6.350001451373100281e+01 3.010626602172851562e+01 1.110860228538513184e+00
6.450001457333564758e+01 3.081228637695312500e+01 5.949530005455017090e-01
6.550001463294030657e+01 3.157472801208496094e+01 1.070228576660156250e+00
6.650001469254490871e+01 2.891624259948730469e+01 1.180665731430053711e+00
6.750001475214955349e+01 2.952928543090820312e+01 1.107931733131408691e+00
6.850001481175421247e+01 2.956594657897949219e+01 8.853158354759216309e-01
6.950001487135885725e+01 3.015530967712402344e+01 6.972933411598205566e-01
7.050001493096351624e+01 3.022709083557128906e+01 4.362943470478057861e-01
7.150001499056816101e+01 3.073088073730468750e+01 7.813273072242736816e-01
7.250001505017282000e+01 3.166357994079589844e+01 1.024083971977233887e+00
7.350001510977742214e+01 3.116898155212402344e+01 1.572011232376098633e+00
7.450001516938206692e+01 3.128288841247558594e+01 1.259712338447570801e+00
7.550001522898672590e+01 3.211116027832031250e+01 9.812417030334472656e-01
7.650001528859137068e+01 3.137579917907714844e+01 9.140208363533020020e-01
7.750001534819602966e+01 3.261315155029296875e+01 1.300970077514648438e+00
7.850001540780068865e+01 3.188270759582519531e+01 1.035576343536376953e+00
7.950001546740533342e+01 3.185494422912597656e+01 1.402113437652587891e+00
8.050001552700993557e+01 3.249918746948242188e+01 5.106462836265563965e-01
8.150001558661458034e+01 3.308870315551757812e+01 1.417960286140441895e+00
8.250001564621923933e+01 3.077397155761718750e+01 1.097190976142883301e+00
8.350001570582388410e+01 2.737331581115722656e+01 1.190709114074707031e+00
8.450001576542854309e+01 2.719096755981445312e+01 8.129986524581909180e-01
8.550001582503320208e+01 2.655095100402832031e+01 6.341523528099060059e-01
8.650001588463784685e+01 2.635956954956054688e+01 8.335513472557067871e-01
8.750001594424244900e+01 2.520945930480957031e+01 9.343963265419006348e-01
8.850001600384709377e+01 3.644263982772827148e+00 5.589997768402099609e-01
8.950001606345175276e+01 9.823248982429504395e-01 2.336034774780273438e-01
9.050001612305641174e+01 2.102829933166503906e+01 8.347678184509277344e-01
9.150001618266105652e+01 2.739807128906250000e+01 9.390892982482910156e-01
9.250001624226571550e+01 2.848789978027343750e+01 9.629713892936706543e-01
9.350001630187036028e+01 2.932100105285644531e+01 5.833051800727844238e-01
9.450001636147496242e+01 3.082359123229980469e+01 7.709711790084838867e-01
9.550001642107962141e+01 3.154656600952148438e+01 1.271164298057556152e+00
9.650001648068426618e+01 3.107866287231445312e+01 8.633552193641662598e-01
9.750001654028892517e+01 3.036853218078613281e+01 4.877364933490753174e-01
9.850001659989356995e+01 3.034909629821777344e+01 8.142953515052795410e-01
9.950001665949822893e+01 3.014165306091308594e+01 1.282856225967407227e+00
1.005000167191028737e+02 2.963591194152832031e+01 1.386533617973327637e+00
1.015000167787074759e+02 2.998311805725097656e+01 9.875822663307189941e-01
1.025000168383121348e+02 3.007050704956054688e+01 1.147767066955566406e+00
1.035000168979167796e+02 2.921897506713867188e+01 8.903970718383789062e-01
1.045000169575214386e+02 3.102171516418457031e+01 8.508334159851074219e-01
1.055000170171260834e+02 3.070433235168457031e+01 4.519939720630645752e-01
1.065000170767307424e+02 3.096125984191894531e+01 1.339427947998046875e+00
1.075000171363353871e+02 3.191827774047851562e+01 8.954948186874389648e-01
1.085000171959399893e+02 3.253841400146484375e+01 8.917108774185180664e-01
1.095000172555446483e+02 3.232379913330078125e+01 1.319803476333618164e+00
1.105000173151492930e+02 3.261759567260742188e+01 8.984767794609069824e-01
1.115000173747539520e+02 3.274080276489257812e+01 1.222896218299865723e+00
1.125000174343585968e+02 3.264168930053710938e+01 1.263959765434265137e+00
1.135000174939632558e+02 3.251748275756835938e+01 9.050619602203369141e-01
1.145000175535679006e+02 3.275823593139648438e+01 8.115053176879882812e-01
1.155000176131725027e+02 3.359172058105468750e+01 1.499569296836853027e+00
1.165000176727771617e+02 3.490708160400390625e+01 2.375270605087280273e+00
1.175000177323818065e+02 3.693376541137695312e+01 3.916819334030151367e+00
1.185000177919864655e+02 4.140566253662109375e+01 8.499994277954101562e+00
1.195000178515911102e+02 4.529537582397460938e+01 1.332535743713378906e+01
1.205000179111957692e+02 4.499252700805664062e+01 1.224832248687744141e+01
1.215000179708003714e+02 4.091084671020507812e+01 7.766702175140380859e+00
1.225000180304050161e+02 3.721115875244140625e+01 3.712076187133789062e+00
1.235000180900096751e+02 3.469025039672851562e+01 2.618712663650512695e+00
1.245000181496143199e+02 3.341962051391601562e+01 1.200164198875427246e+00
1.255000182092189789e+02 3.292871475219726562e+01 1.047310948371887207e+00
1.265000182688236237e+02 3.091938591003417969e+01 1.136731624603271484e+00
1.275000183284282826e+02 3.150395584106445312e+01 5.682628154754638672e-01
1.285000183880328848e+02 3.053478622436523438e+01 1.313694477081298828e+00
1.295000184476375296e+02 3.157765388488769531e+01 1.317496895790100098e+00
1.305000185072421743e+02 3.107456779479980469e+01 1.358832001686096191e+00
1.315000185668468475e+02 3.100305557250976562e+01 5.295075774192810059e-01
1.325000186264514923e+02 3.122590255737304688e+01 7.204108238220214844e-01
1.335000186860561371e+02 2.996640396118164062e+01 1.104135632514953613e+00
1.345000187456607819e+02 3.009690284729003906e+01 6.517580151557922363e-01
1.355000188052653982e+02 2.974219322204589844e+01 7.724909782409667969e-01
1.365000188648700430e+02 2.940784263610839844e+01 9.359272122383117676e-01
1.375000189244746878e+02 2.979731178283691406e+01 5.035185813903808594e-01
1.385000189840793610e+02 2.977361488342285156e+01 6.720219850540161133e-01
1.395000190436840057e+02 3.024810791015625000e+01 7.278320789337158203e-01
1.405000191032886505e+02 2.952811813354492188e+01 3.905345499515533447e-01
1.415000191628932953e+02 2.958314323425292969e+01 8.295069932937622070e-01
1.425000192224979116e+02 3.077143287658691406e+01 1.158305525779724121e+00
1.435000192821025564e+02 3.123795890808105469e+01 7.731964588165283203e-01
1.445000193417072012e+02 3.131958389282226562e+01 8.760460019111633301e-01
1.455000194013118744e+02 3.143674850463867188e+01 1.529532432556152344e+00
1.465000194609165192e+02 3.096545982360839844e+01 9.236610531806945801e-01
1.475000195205211639e+02 3.098386573791503906e+01 7.046481966972351074e-01
1.485000195801258087e+02 3.179584312438964844e+01 8.853239417076110840e-01
1.495000196397304251e+02 3.239406967163085938e+01 1.960307121276855469e+00
1.505000196993350698e+02 3.321179199218750000e+01 1.749601840972900391e+00
1.515000197589397146e+02 3.468060302734375000e+01 1.724233388900756836e+00
1.525000198185443878e+02 3.866458129882812500e+01 6.135585308074951172e+00
1.535000198781490326e+02 4.935311508178710938e+01 1.822958183288574219e+01
1.545000199377536774e+02 6.693083190917968750e+01 3.890083312988281250e+01
1.555000199973583221e+02 5.841670989990234375e+01 2.709140205383300781e+01
1.565000200569629385e+02 4.302767181396484375e+01 9.641056060791015625e+00
1.575000201165675833e+02 3.795069122314453125e+01 2.921324253082275391e+00
1.585000201761722280e+02 3.628092956542968750e+01 1.335222363471984863e+00
1.595000202357769012e+02 3.491907119750976562e+01 7.655926942825317383e-01
1.605000202953815460e+02 3.464167404174804688e+01 8.544974327087402344e-01
1.615000203549861908e+02 3.423430252075195312e+01 1.480886101722717285e+00
1.625000204145908356e+02 3.420301437377929688e+01 8.516321182250976562e-01
1.635000204741954519e+02 3.274121856689453125e+01 1.181989669799804688e+00
1.645000205338000967e+02 3.305648040771484375e+01 7.213776707649230957e-01
1.655000205934047415e+02 3.341304016113281250e+01 1.108217716217041016e+00
1.665000206530094147e+02 3.414778900146484375e+01 1.239152431488037109e+00
1.675000207126140594e+02 3.406911087036132812e+01 1.356689810752868652e+00
1.685000207722187042e+02 3.433446502685546875e+01 1.179846286773681641e+00
1.695000208318233490e+02 3.537098693847656250e+01 1.788987517356872559e+00
1.705000208914279654e+02 3.600453567504882812e+01 1.118267774581909180e+00
1.715000209510326101e+02 3.741416549682617188e+01 1.333371520042419434e+00
1.725000210106372549e+02 3.814202117919921875e+01 1.138856172561645508e+00
1.735000210702419281e+02 3.795810317993164062e+01 7.725303769111633301e-01
1.745000211298465729e+02 3.750495529174804688e+01 6.225646138191223145e-01
1.755000211894512177e+02 3.696633529663085938e+01 6.107967495918273926e-01
1.765000212490558624e+02 3.716437149047851562e+01 4.045100212097167969e+00
1.775000213086604788e+02 0.000000000000000000e+00 0.000000000000000000e+00
1.785000213682651236e+02 0.000000000000000000e+00 0.000000000000000000e+00
1.795000214278697968e+02 0.000000000000000000e+00 0.000000000000000000e+00
