gamma  mean  std
-1.794999999701976776e+02 0.000000000000000000e+00 0.000000000000000000e+00
-1.784999999105930328e+02 2.426578998565673828e+00 3.644978404045104980e-01
-1.774999998509883881e+02 2.409515857696533203e+00 6.676354408264160156e-01
-1.764999997913837433e+02 2.366649627685546875e+00 7.880520820617675781e-01
-1.754999997317790985e+02 2.658044576644897461e+00 4.587968289852142334e-01
-1.744999996721744253e+02 2.271777629852294922e+00 2.833940088748931885e-01
-1.734999996125698090e+02 2.388233423233032227e+00 5.283396840095520020e-01
-1.724999995529651642e+02 2.505697488784790039e+00 6.490332484245300293e-01
-1.714999994933605194e+02 2.603086233139038086e+00 5.722512602806091309e-01
-1.704999994337558746e+02 2.240393400192260742e+00 4.010867476463317871e-01
-1.694999993741512299e+02 2.512754201889038086e+00 5.176740288734436035e-01
-1.684999993145465851e+02 2.486036062240600586e+00 3.753686845302581787e-01
-1.674999992549419403e+02 2.261989116668701172e+00 3.967440724372863770e-01
-1.664999991953372955e+02 2.543813228607177734e+00 4.647305905818939209e-01
-1.654999991357326508e+02 2.465817689895629883e+00 5.609114170074462891e-01
-1.644999990761280060e+02 2.671572446823120117e+00 8.182872533798217773e-01
-1.634999990165233612e+02 2.239671945571899414e+00 3.568718731403350830e-01
-1.624999989569187164e+02 2.258340597152709961e+00 5.609960556030273438e-01
-1.614999988973140717e+02 2.612637996673583984e+00 7.722821235656738281e-01
-1.604999988377094269e+02 2.413329124450683594e+00 6.405937075614929199e-01
-1.594999987781047821e+02 2.322610139846801758e+00 5.787497758865356445e-01
-1.584999987185001373e+02 2.493128776550292969e+00 6.134711503982543945e-01
-1.574999986588954926e+02 2.415823221206665039e+00 6.030047535896301270e-01
-1.564999985992908478e+02 2.488250732421875000e+00 5.801226496696472168e-01
-1.554999985396862030e+02 2.593691110610961914e+00 7.582342028617858887e-01
-1.544999984800815582e+02 2.636996746063232422e+00 9.878154993057250977e-01
-1.534999984204769135e+02 2.679891347885131836e+00 9.588267803192138672e-01
-1.524999983608722687e+02 2.715426445007324219e+00 8.052784204483032227e-01
-1.514999983012676239e+02 2.682816743850708008e+00 7.477726340293884277e-01
-1.504999982416629791e+02 2.755527973175048828e+00 7.603265643119812012e-01
-1.494999981820583344e+02 2.628686189651489258e+00 8.789227008819580078e-01
-1.484999981224536896e+02 2.919099092483520508e+00 1.346978902816772461e+00
-1.474999980628490448e+02 2.631090641021728516e+00 1.111047506332397461e+00
-1.464999980032444000e+02 2.652244806289672852e+00 1.204320311546325684e+00
-1.454999979436397552e+02 2.619791507720947266e+00 1.310732364654541016e+00
-1.444999978840351105e+02 2.645423650741577148e+00 9.687714576721191406e-01
-1.434999978244304657e+02 2.656469583511352539e+00 9.703049063682556152e-01
-1.424999977648258209e+02 3.181941032409667969e+00 1.643719792366027832e+00
-1.414999977052211761e+02 2.987666606903076172e+00 1.383683919906616211e+00
-1.404999976456165314e+02 2.815871000289916992e+00 1.236586689949035645e+00
-1.394999975860118866e+02 2.993320703506469727e+00 1.312828302383422852e+00
-1.384999975264072418e+02 3.016824960708618164e+00 1.397684693336486816e+00
-1.374999974668025970e+02 3.018678188323974609e+00 1.525670886039733887e+00
-1.364999974071979523e+02 3.230772256851196289e+00 1.783536911010742188e+00
-1.354999973475933075e+02 3.260877847671508789e+00 2.272317409515380859e+00
-1.344999972879886627e+02 3.182946205139160156e+00 1.957849264144897461e+00
-1.334999972283840179e+02 3.322632789611816406e+00 2.132197618484497070e+00
-1.324999971687793732e+02 3.408064842224121094e+00 2.284710884094238281e+00
-1.314999971091747284e+02 3.392085075378417969e+00 2.131997346878051758e+00
-1.304999970495700836e+02 3.583477020263671875e+00 2.249663829803466797e+00
-1.294999969899654388e+02 3.283071041107177734e+00 1.967577099800109863e+00
-1.284999969303607941e+02 3.584027528762817383e+00 2.553352594375610352e+00
-1.274999968707561493e+02 3.726736307144165039e+00 2.585549831390380859e+00
-1.264999968111514903e+02 3.606949090957641602e+00 2.574343204498291016e+00
-1.254999967515468740e+02 3.679765939712524414e+00 2.792842149734497070e+00
-1.244999966919422150e+02 3.413245677947998047e+00 2.169205665588378906e+00
-1.234999966323375702e+02 3.284878969192504883e+00 2.032685995101928711e+00
-1.224999965727329112e+02 3.241514921188354492e+00 2.186932802200317383e+00
-1.214999965131282806e+02 3.408534049987792969e+00 2.439830303192138672e+00
-1.204999964535236359e+02 3.048377990722656250e+00 2.301711320877075195e+00
-1.194999963939190053e+02 3.516707181930541992e+00 2.674533605575561523e+00
-1.184999963343143605e+02 3.226589679718017578e+00 2.439575672149658203e+00
-1.174999962747097015e+02 3.135093212127685547e+00 2.568223476409912109e+00
-1.164999962151050568e+02 2.961415529251098633e+00 1.658737540245056152e+00
-1.154999961555003978e+02 2.898700714111328125e+00 1.627898931503295898e+00
-1.144999960958957672e+02 2.504255533218383789e+00 1.239271402359008789e+00
-1.134999960362911224e+02 2.359112262725830078e+00 9.769696593284606934e-01
-1.124999959766864777e+02 2.378302097320556641e+00 8.661543130874633789e-01
-1.114999959170818329e+02 2.370110034942626953e+00 8.488911986351013184e-01
-1.104999958574771881e+02 2.225728988647460938e+00 6.843715906143188477e-01
-1.094999957978725291e+02 2.150079965591430664e+00 6.747351288795471191e-01
-1.084999957382678986e+02 2.011136770248413086e+00 6.967223286628723145e-01
-1.074999956786632538e+02 2.015191078186035156e+00 5.665299892425537109e-01
-1.064999956190586090e+02 1.851543426513671875e+00 4.290830194950103760e-01
-1.054999955594539642e+02 2.150483608245849609e+00 6.521357297897338867e-01
-1.044999954998493195e+02 1.946598172187805176e+00 4.849654734134674072e-01
-1.034999954402446747e+02 2.016613006591796875e+00 3.234351873397827148e-01
-1.024999953806400299e+02 2.123241901397705078e+00 3.311394751071929932e-01
-1.014999953210353851e+02 1.902647733688354492e+00 4.130116701126098633e-01
-1.004999952614307404e+02 1.792842626571655273e+00 3.429548144340515137e-01
-9.949999520182609558e+01 1.892786860466003418e+00 3.545579612255096436e-01
-9.849999514222145081e+01 1.923457860946655273e+00 3.329192399978637695e-01
-9.749999508261680603e+01 1.813585519790649414e+00 3.762269914150238037e-01
-9.649999502301216125e+01 1.950317621231079102e+00 3.226596713066101074e-01
-9.549999496340751648e+01 1.871724009513854980e+00 3.030466735363006592e-01
-9.449999490380287170e+01 1.810389399528503418e+00 2.560200393199920654e-01
-9.349999484419822693e+01 1.670755863189697266e+00 4.010208249092102051e-01
-9.249999478459358215e+01 1.809776067733764648e+00 2.210002392530441284e-01
-9.149999472498893738e+01 1.667614221572875977e+00 2.269918471574783325e-01
-9.049999466538429260e+01 1.841212153434753418e+00 2.886324226856231689e-01
-8.949999460577964783e+01 1.646389245986938477e+00 2.768960297107696533e-01
-8.849999454617500305e+01 1.878144145011901855e+00 3.379490077495574951e-01
-8.749999448657035828e+01 1.685657739639282227e+00 3.283003568649291992e-01
-8.649999442696571350e+01 1.886321187019348145e+00 3.243960738182067871e-01
-8.549999436736106873e+01 1.750742554664611816e+00 3.265169560909271240e-01
-8.449999430775642395e+01 1.771985888481140137e+00 2.467572540044784546e-01
-8.349999424815177917e+01 1.701355457305908203e+00 2.783199250698089600e-01
-8.249999418854713440e+01 1.937294125556945801e+00 3.109108507633209229e-01
-8.149999412894248962e+01 1.942581057548522949e+00 3.043474256992340088e-01
-8.049999406933784485e+01 1.730980038642883301e+00 4.648296236991882324e-01
-7.949999400973320007e+01 1.687496304512023926e+00 2.300043851137161255e-01
-7.849999395012855530e+01 1.756559848785400391e+00 3.692959249019622803e-01
-7.749999389052391052e+01 1.845939517021179199e+00 2.620686292648315430e-01
-7.649999383091926575e+01 1.897982716560363770e+00 2.986873388290405273e-01
-7.549999377131462097e+01 1.926481127738952637e+00 2.180559635162353516e-01
-7.449999371170997620e+01 1.873651385307312012e+00 3.470770120620727539e-01
-7.349999365210533142e+01 1.839606642723083496e+00 3.357781767845153809e-01
-7.249999359250068665e+01 1.893963694572448730e+00 3.456899523735046387e-01
-7.149999353289604187e+01 1.818119168281555176e+00 3.278679251670837402e-01
-7.049999347329139709e+01 1.882343530654907227e+00 1.570091396570205688e-01
-6.949999341368675232e+01 1.876433730125427246e+00 5.071690678596496582e-01
-6.849999335408210754e+01 1.842925310134887695e+00 2.868610918521881104e-01
-6.749999329447746277e+01 1.738244771957397461e+00 3.313706219196319580e-01
-6.649999323487281799e+01 1.878563642501831055e+00 2.624635398387908936e-01
-6.549999317526817322e+01 1.808355212211608887e+00 3.400362432003021240e-01
-6.449999311566352844e+01 2.114228963851928711e+00 4.042938351631164551e-01
-6.349999305605889788e+01 1.861787676811218262e+00 2.751895487308502197e-01
-6.249999299645424600e+01 1.933628320693969727e+00 2.379782944917678833e-01
-6.149999293684959412e+01 1.983088850975036621e+00 2.645544111728668213e-01
-6.049999287724494224e+01 2.217926502227783203e+00 7.634739279747009277e-01
-5.949999281764031167e+01 1.922697663307189941e+00 3.722150921821594238e-01
-5.849999275803565979e+01 1.984427213668823242e+00 2.485421150922775269e-01
-5.749999269843100791e+01 1.893754243850708008e+00 2.407094538211822510e-01
-5.649999263882638445e+01 1.987618565559387207e+00 3.175832033157348633e-01
-5.549999257922173257e+01 2.246819019317626953e+00 8.309897184371948242e-01
-5.449999251961708069e+01 2.040168762207031250e+00 5.617846846580505371e-01
-5.349999246001242881e+01 2.105346918106079102e+00 4.565902352333068848e-01
-5.249999240040779824e+01 2.209806442260742188e+00 5.351935625076293945e-01
-5.149999234080314636e+01 2.435636758804321289e+00 5.734283924102783203e-01
-5.049999228119849448e+01 2.346075534820556641e+00 6.805454492568969727e-01
-4.949999222159387102e+01 2.576190471649169922e+00 1.083958745002746582e+00
-4.849999216198921914e+01 2.623172760009765625e+00 1.211272597312927246e+00
-4.749999210238456726e+01 2.391271352767944336e+00 8.802509307861328125e-01
-4.649999204277991538e+01 2.547733545303344727e+00 1.368675231933593750e+00
-4.549999198317528482e+01 2.946843385696411133e+00 1.544852614402770996e+00
-4.449999192357063293e+01 2.940923452377319336e+00 1.750346779823303223e+00
-4.349999186396598105e+01 3.129439830780029297e+00 1.972048878669738770e+00
-4.249999180436135759e+01 3.045359373092651367e+00 2.040247201919555664e+00
-4.149999174475670571e+01 3.264883756637573242e+00 2.117322683334350586e+00
-4.049999168515205383e+01 3.403875589370727539e+00 2.415892124176025391e+00
-3.949999162554740195e+01 3.266116857528686523e+00 2.471452951431274414e+00
-3.849999156594277139e+01 3.106530666351318359e+00 2.049809217453002930e+00
-3.749999150633811951e+01 3.079880237579345703e+00 2.266395807266235352e+00
-3.649999144673346763e+01 3.202032804489135742e+00 2.226128816604614258e+00
-3.549999138712884417e+01 3.326244354248046875e+00 2.381946325302124023e+00
-3.449999132752419229e+01 3.172122955322265625e+00 2.081093072891235352e+00
-3.349999126791954041e+01 3.362263202667236328e+00 2.380263566970825195e+00
-3.249999120831488852e+01 3.392295360565185547e+00 2.504320144653320312e+00
-3.149999114871025796e+01 3.870659828186035156e+00 3.210552453994750977e+00
-3.049999108910560608e+01 3.589142799377441406e+00 2.837109804153442383e+00
-2.949999102950095420e+01 3.708130359649658203e+00 2.771102190017700195e+00
-2.849999096989632719e+01 3.693538427352905273e+00 2.725079774856567383e+00
-2.749999091029167531e+01 3.514482259750366211e+00 2.713458776473999023e+00
-2.649999085068702342e+01 3.412418842315673828e+00 2.388044357299804688e+00
-2.549999079108239641e+01 3.221535682678222656e+00 2.184643745422363281e+00
-2.449999073147774453e+01 3.420995950698852539e+00 2.161703586578369141e+00
-2.349999067187309265e+01 3.137167215347290039e+00 2.037813186645507812e+00
-2.249999061226844077e+01 3.693881511688232422e+00 2.754400491714477539e+00
-2.149999055266381376e+01 3.646563291549682617e+00 2.579337596893310547e+00
-2.049999049305916188e+01 3.044503450393676758e+00 2.204248666763305664e+00
-1.949999043345451000e+01 3.360587835311889648e+00 2.119481086730957031e+00
-1.849999037384988299e+01 3.439892768859863281e+00 2.462164640426635742e+00
-1.749999031424523110e+01 3.075560331344604492e+00 1.906501770019531250e+00
-1.649999025464057922e+01 3.176105022430419922e+00 2.013760805130004883e+00
-1.549999019503592734e+01 3.434932470321655273e+00 2.399388074874877930e+00
-1.449999013543130033e+01 3.879648923873901367e+00 2.927206516265869141e+00
-1.349999007582664845e+01 3.393546581268310547e+00 2.446021795272827148e+00
-1.249999001622199657e+01 3.264379024505615234e+00 2.150331497192382812e+00
-1.149998995661736956e+01 3.253941535949707031e+00 2.147314548492431641e+00
-1.049998989701271768e+01 3.522505283355712891e+00 2.208355188369750977e+00
-9.499989837408065796e+00 3.390458822250366211e+00 2.553041934967041016e+00
-8.499989777803413915e+00 3.508891582489013672e+00 2.732975482940673828e+00
-7.499989718198786903e+00 3.694161415100097656e+00 3.158648252487182617e+00
-6.499989658594135022e+00 3.700799703598022461e+00 2.890931367874145508e+00
-5.499989598989483142e+00 3.683510303497314453e+00 2.687792062759399414e+00
-4.499989539384856130e+00 3.634239435195922852e+00 2.554260492324829102e+00
-3.499989479780204249e+00 3.565949916839599609e+00 2.461554288864135742e+00
-2.499989420175551924e+00 3.836830615997314453e+00 2.855386018753051758e+00
-1.499989360570899821e+00 3.582291841506958008e+00 2.715997219085693359e+00
-4.999893009662732535e-01 0.000000000000000000e+00 0.000000000000000000e+00
5.000107586383788494e-01 0.000000000000000000e+00 0.000000000000000000e+00
1.500010818243030952e+00 0.000000000000000000e+00 0.000000000000000000e+00
2.500010877847657742e+00 0.000000000000000000e+00 0.000000000000000000e+00
3.500010937452309623e+00 0.000000000000000000e+00 0.000000000000000000e+00
4.500010997056961948e+00 0.000000000000000000e+00 0.000000000000000000e+00
5.500011056661613829e+00 2.162241697311401367e+00 3.621207714080810547e+00
6.500011116266240840e+00 3.415762186050415039e+00 3.042622327804565430e+00
7.500011175870892721e+00 3.578736782073974609e+00 2.941438436508178711e+00
8.500011235475545490e+00 3.728343725204467773e+00 3.083623886108398438e+00
9.500011295080170726e+00 3.709321022033691406e+00 3.085847139358520508e+00
1.050001135468482261e+01 4.137257575988769531e+00 3.320757627487182617e+00
1.150001141428947626e+01 3.822217226028442383e+00 3.031128883361816406e+00
1.250001147389410150e+01 3.614279747009277344e+00 2.725996494293212891e+00
1.350001153349875338e+01 3.545598745346069336e+00 2.589715242385864258e+00
1.450001159310340704e+01 3.881299018859863281e+00 3.204159259796142578e+00
1.550001165270805892e+01 3.664670467376708984e+00 2.825485944747924805e+00
1.650001171231268415e+01 3.368283510208129883e+00 2.185849189758300781e+00
1.750001177191733603e+01 3.611443042755126953e+00 2.869014263153076172e+00
1.850001183152198792e+01 3.895387411117553711e+00 3.351852178573608398e+00
1.950001189112661493e+01 3.216224908828735352e+00 2.182384967803955078e+00
2.050001195073126681e+01 3.193523645401000977e+00 2.085131645202636719e+00
2.150001201033591869e+01 2.999207019805908203e+00 1.724518537521362305e+00
2.250001206994057057e+01 2.841010093688964844e+00 1.685987710952758789e+00
2.350001212954519758e+01 2.928858280181884766e+00 1.737601637840270996e+00
2.450001218914984946e+01 2.745173931121826172e+00 1.595167398452758789e+00
2.550001224875450134e+01 2.588667154312133789e+00 1.343031167984008789e+00
2.650001230835912835e+01 2.430049419403076172e+00 1.059547543525695801e+00
2.750001236796378024e+01 3.121693134307861328e+00 1.585616469383239746e+00
2.850001242756843212e+01 2.563462257385253906e+00 1.228531241416931152e+00
2.950001248717308400e+01 2.510454654693603516e+00 1.223928451538085938e+00
3.050001254677771101e+01 2.349687337875366211e+00 6.225262284278869629e-01
3.150001260638236289e+01 2.379082441329956055e+00 6.984398365020751953e-01
3.250001266598701477e+01 2.347590923309326172e+00 1.152171492576599121e+00
3.350001272559164534e+01 2.489805936813354492e+00 9.838694930076599121e-01
3.450001278519629722e+01 2.388645172119140625e+00 9.649704694747924805e-01
3.550001284480094910e+01 2.303793907165527344e+00 8.130291700363159180e-01
3.650001290440560098e+01 2.315216541290283203e+00 6.275612711906433105e-01
3.750001296401022444e+01 2.152484178543090820e+00 6.975826621055603027e-01
3.850001302361487632e+01 2.193048715591430664e+00 3.982234001159667969e-01
3.950001308321952820e+01 2.128630399703979492e+00 5.192849636077880859e-01
4.050001314282415876e+01 2.106270790100097656e+00 6.533481478691101074e-01
4.150001320242881064e+01 2.043162584304809570e+00 4.556594789028167725e-01
4.250001326203346252e+01 2.058219194412231445e+00 3.051251173019409180e-01
4.350001332163811441e+01 1.834868073463439941e+00 4.068914651870727539e-01
4.450001338124273786e+01 1.944302439689636230e+00 2.251626849174499512e-01
4.550001344084738975e+01 2.238816976547241211e+00 6.528377532958984375e-01
4.650001350045204163e+01 1.924694299697875977e+00 3.315132856369018555e-01
4.750001356005667219e+01 1.963305234909057617e+00 2.810614109039306641e-01
4.850001361966132407e+01 2.064856529235839844e+00 2.881613969802856445e-01
4.950001367926597595e+01 1.982798218727111816e+00 2.474080771207809448e-01
5.050001373887062783e+01 2.058892250061035156e+00 6.166447401046752930e-01
5.150001379847527971e+01 2.114545822143554688e+00 3.441120386123657227e-01
5.250001385807988186e+01 2.005211114883422852e+00 5.012685656547546387e-01
5.350001391768453374e+01 1.837999820709228516e+00 3.370638489723205566e-01
5.450001397728918562e+01 2.020129680633544922e+00 2.224465310573577881e-01
5.550001403689383750e+01 1.975462436676025391e+00 2.802066802978515625e-01
5.650001409649848938e+01 1.925060510635375977e+00 2.884352803230285645e-01
5.750001415610314126e+01 2.072462320327758789e+00 1.487908214330673218e-01
5.850001421570779314e+01 1.939076304435729980e+00 2.202016711235046387e-01
5.950001427531239528e+01 2.073379993438720703e+00 2.959427237510681152e-01
6.050001433491704717e+01 2.032520294189453125e+00 3.086182773113250732e-01
6.150001439452169905e+01 2.053778886795043945e+00 2.820673286914825439e-01
6.250001445412635093e+01 1.941382050514221191e+00 2.710092663764953613e-01
6.350001451373100281e+01 1.978790283203125000e+00 2.566975355148315430e-01
6.450001457333564758e+01 2.082833051681518555e+00 2.436357438564300537e-01
6.550001463294030657e+01 1.995483160018920898e+00 2.787938416004180908e-01
6.650001469254490871e+01 2.061368942260742188e+00 2.465368509292602539e-01
6.750001475214955349e+01 2.142963886260986328e+00 3.610063195228576660e-01
6.850001481175421247e+01 2.041903018951416016e+00 3.566600084304809570e-01
6.950001487135885725e+01 1.963570237159729004e+00 3.618944287300109863e-01
7.050001493096351624e+01 2.113006830215454102e+00 4.345821738243103027e-01
7.150001499056816101e+01 2.071445703506469727e+00 3.346163332462310791e-01
7.250001505017282000e+01 2.087101697921752930e+00 4.774253368377685547e-01
7.350001510977742214e+01 1.992439270019531250e+00 4.188047051429748535e-01
7.450001516938206692e+01 2.010603189468383789e+00 2.328818738460540771e-01
7.550001522898672590e+01 2.212259054183959961e+00 2.661151289939880371e-01
7.650001528859137068e+01 2.203955888748168945e+00 2.757754921913146973e-01
7.750001534819602966e+01 2.192988395690917969e+00 3.569467365741729736e-01
7.850001540780068865e+01 2.315847873687744141e+00 3.027646243572235107e-01
7.950001546740533342e+01 2.211135625839233398e+00 3.515210151672363281e-01
8.050001552700993557e+01 2.195885658264160156e+00 3.322887122631072998e-01
8.150001558661458034e+01 2.085146188735961914e+00 4.658367037773132324e-01
8.250001564621923933e+01 2.216417312622070312e+00 4.071881175041198730e-01
8.350001570582388410e+01 2.129882335662841797e+00 5.073716640472412109e-01
8.450001576542854309e+01 2.237291097640991211e+00 3.424626290798187256e-01
8.550001582503320208e+01 1.969579935073852539e+00 3.085904717445373535e-01
8.650001588463784685e+01 1.965365886688232422e+00 3.083230853080749512e-01
8.750001594424244900e+01 1.126934766769409180e+00 5.314934849739074707e-01
8.850001600384709377e+01 9.974531829357147217e-02 3.892678022384643555e-02
8.950001606345175276e+01 1.173302754759788513e-01 1.077920719981193542e-01
9.050001612305641174e+01 4.406612217426300049e-01 2.448304146528244019e-01
9.150001618266105652e+01 2.110660314559936523e+00 4.862671792507171631e-01
9.250001624226571550e+01 2.265016794204711914e+00 7.179220914840698242e-01
9.350001630187036028e+01 2.232845783233642578e+00 6.163305044174194336e-01
9.450001636147496242e+01 2.794247150421142578e+00 1.469183325767517090e+00
9.550001642107962141e+01 2.649531364440917969e+00 1.061750888824462891e+00
9.650001648068426618e+01 2.395842552185058594e+00 6.972447633743286133e-01
9.750001654028892517e+01 2.775687694549560547e+00 1.349785447120666504e+00
9.850001659989356995e+01 2.676208019256591797e+00 7.988487482070922852e-01
9.950001665949822893e+01 2.763312101364135742e+00 9.704765081405639648e-01
1.005000167191028737e+02 2.751342773437500000e+00 1.090975999832153320e+00
1.015000167787074759e+02 2.937149047851562500e+00 1.415148615837097168e+00
1.025000168383121348e+02 3.112221240997314453e+00 1.822905540466308594e+00
1.035000168979167796e+02 3.109491825103759766e+00 1.765188574790954590e+00
1.045000169575214386e+02 3.166123867034912109e+00 1.706765651702880859e+00
1.055000170171260834e+02 3.838152170181274414e+00 2.573358297348022461e+00
1.065000170767307424e+02 3.536388874053955078e+00 2.300961256027221680e+00
1.075000171363353871e+02 3.598834991455078125e+00 2.488623857498168945e+00
1.085000171959399893e+02 2.953552722930908203e+00 1.401560783386230469e+00
1.095000172555446483e+02 3.440752983093261719e+00 2.175303220748901367e+00
1.105000173151492930e+02 3.298367023468017578e+00 1.903899908065795898e+00
1.115000173747539520e+02 3.909095525741577148e+00 2.446504592895507812e+00
1.125000174343585968e+02 4.078641891479492188e+00 3.086621999740600586e+00
1.135000174939632558e+02 3.586267948150634766e+00 2.711325168609619141e+00
1.145000175535679006e+02 3.631209373474121094e+00 2.419763088226318359e+00
1.155000176131725027e+02 3.569616079330444336e+00 2.448225021362304688e+00
1.165000176727771617e+02 3.581139802932739258e+00 2.310832738876342773e+00
1.175000177323818065e+02 3.713218927383422852e+00 2.326229333877563477e+00
1.185000177919864655e+02 3.593366146087646484e+00 1.976560235023498535e+00
1.195000178515911102e+02 3.236295938491821289e+00 1.864059329032897949e+00
1.205000179111957692e+02 3.457111597061157227e+00 2.081899881362915039e+00
1.215000179708003714e+02 3.442042827606201172e+00 1.822346568107604980e+00
1.225000180304050161e+02 3.659876585006713867e+00 2.565263509750366211e+00
1.235000180900096751e+02 3.531613826751708984e+00 2.224578619003295898e+00
1.245000181496143199e+02 3.266252994537353516e+00 1.843265295028686523e+00
1.255000182092189789e+02 3.202386617660522461e+00 1.802200794219970703e+00
1.265000182688236237e+02 3.318838834762573242e+00 1.697642087936401367e+00
1.275000183284282826e+02 3.107716560363769531e+00 1.311200618743896484e+00
1.285000183880328848e+02 3.070348262786865234e+00 1.699360370635986328e+00
1.295000184476375296e+02 3.092610836029052734e+00 1.101101040840148926e+00
1.305000185072421743e+02 3.015624523162841797e+00 7.413722872734069824e-01
1.315000185668468475e+02 2.991944789886474609e+00 1.065470099449157715e+00
1.325000186264514923e+02 3.112023353576660156e+00 1.576704859733581543e+00
1.335000186860561371e+02 2.738855600357055664e+00 5.655165910720825195e-01
1.345000187456607819e+02 2.889778614044189453e+00 1.162559747695922852e+00
1.355000188052653982e+02 2.855725526809692383e+00 9.204980134963989258e-01
1.365000188648700430e+02 2.496407747268676758e+00 4.854458570480346680e-01
1.375000189244746878e+02 2.588506221771240234e+00 7.667428255081176758e-01
1.385000189840793610e+02 2.802541017532348633e+00 9.424453973770141602e-01
1.395000190436840057e+02 2.641355752944946289e+00 6.713744401931762695e-01
1.405000191032886505e+02 2.783820629119873047e+00 5.707977414131164551e-01
1.415000191628932953e+02 2.361889839172363281e+00 5.563926100730895996e-01
1.425000192224979116e+02 2.478513956069946289e+00 5.402649044990539551e-01
1.435000192821025564e+02 2.617310762405395508e+00 5.418667197227478027e-01
1.445000193417072012e+02 2.202971935272216797e+00 5.232201218605041504e-01
1.455000194013118744e+02 2.509463071823120117e+00 4.787341654300689697e-01
1.465000194609165192e+02 2.433437824249267578e+00 5.517773032188415527e-01
1.475000195205211639e+02 2.523708820343017578e+00 8.363435864448547363e-01
1.485000195801258087e+02 2.220115423202514648e+00 2.883179783821105957e-01
1.495000196397304251e+02 2.136198759078979492e+00 5.129169821739196777e-01
1.505000196993350698e+02 2.424105644226074219e+00 4.678865373134613037e-01
1.515000197589397146e+02 2.441305398941040039e+00 6.799100637435913086e-01
1.525000198185443878e+02 2.562173128128051758e+00 6.596068143844604492e-01
1.535000198781490326e+02 2.522690296173095703e+00 7.834266424179077148e-01
1.545000199377536774e+02 2.395072937011718750e+00 2.919191718101501465e-01
1.555000199973583221e+02 2.294047832489013672e+00 3.737443089485168457e-01
1.565000200569629385e+02 2.308462858200073242e+00 4.377485513687133789e-01
1.575000201165675833e+02 2.423356056213378906e+00 5.701116919517517090e-01
1.585000201761722280e+02 2.321967601776123047e+00 3.278091847896575928e-01
1.595000202357769012e+02 2.413295984268188477e+00 5.586513876914978027e-01
1.605000202953815460e+02 2.413691997528076172e+00 4.894405007362365723e-01
1.615000203549861908e+02 2.279854536056518555e+00 4.520881175994873047e-01
1.625000204145908356e+02 2.357060670852661133e+00 4.584249258041381836e-01
1.635000204741954519e+02 2.307416677474975586e+00 4.390749931335449219e-01
1.645000205338000967e+02 2.468865633010864258e+00 5.251696705818176270e-01
1.655000205934047415e+02 2.301285266876220703e+00 6.447393298149108887e-01
1.665000206530094147e+02 2.287710428237915039e+00 4.444879293441772461e-01
1.675000207126140594e+02 2.490970611572265625e+00 3.898012042045593262e-01
1.685000207722187042e+02 2.323819398880004883e+00 2.719013988971710205e-01
1.695000208318233490e+02 2.493864297866821289e+00 5.692737102508544922e-01
1.705000208914279654e+02 2.447167634963989258e+00 2.909310460090637207e-01
1.715000209510326101e+02 2.464683532714843750e+00 4.965075254440307617e-01
1.725000210106372549e+02 2.362209796905517578e+00 4.520396888256072998e-01
1.735000210702419281e+02 2.381949663162231445e+00 4.448309242725372314e-01
1.745000211298465729e+02 5.597182512283325195e-01 1.085495948791503906e+00
1.755000211894512177e+02 0.000000000000000000e+00 0.000000000000000000e+00
1.765000212490558624e+02 0.000000000000000000e+00 0.000000000000000000e+00
1.775000213086604788e+02 0.000000000000000000e+00 0.000000000000000000e+00
1.785000213682651236e+02 0.000000000000000000e+00 0.000000000000000000e+00
1.795000214278697968e+02 0.000000000000000000e+00 0.000000000000000000e+00
