gamma  mean  std
-1.794999999701976776e+02 2.543957710266113281e+01 5.015056610107421875e+01
-1.784999999105930328e+02 2.791451644897460938e+01 5.505889129638671875e+01
-1.774999998509883881e+02 2.876803398132324219e+01 5.680848693847656250e+01
-1.764999997913837433e+02 2.871352386474609375e+01 5.527834320068359375e+01
-1.754999997317790985e+02 2.923599433898925781e+01 5.672964859008789062e+01
-1.744999996721744253e+02 2.983298492431640625e+01 5.799968719482421875e+01
-1.734999996125698090e+02 3.111491584777832031e+01 6.136559295654296875e+01
-1.724999995529651642e+02 3.027764129638671875e+01 6.043035888671875000e+01
-1.714999994933605194e+02 2.959308242797851562e+01 5.790439987182617188e+01
-1.704999994337558746e+02 2.922232437133789062e+01 5.679705047607421875e+01
-1.694999993741512299e+02 2.760777664184570312e+01 5.369800186157226562e+01
-1.684999993145465851e+02 2.542225456237792969e+01 4.862488174438476562e+01
-1.674999992549419403e+02 2.545438385009765625e+01 4.887102508544921875e+01
-1.664999991953372955e+02 2.419654273986816406e+01 4.608326339721679688e+01
-1.654999991357326508e+02 2.222749710083007812e+01 4.162462615966796875e+01
-1.644999990761280060e+02 2.007607650756835938e+01 3.765172576904296875e+01
-1.634999990165233612e+02 1.788139343261718750e+01 3.274882507324218750e+01
-1.624999989569187164e+02 1.683271026611328125e+01 3.039974403381347656e+01
-1.614999988973140717e+02 1.397424507141113281e+01 2.480455970764160156e+01
-1.604999988377094269e+02 1.264168357849121094e+01 2.194498825073242188e+01
-1.594999987781047821e+02 1.237580013275146484e+01 2.174219512939453125e+01
-1.584999987185001373e+02 1.055987453460693359e+01 1.805323982238769531e+01
-1.574999986588954926e+02 1.019271469116210938e+01 1.749378967285156250e+01
-1.564999985992908478e+02 8.370965957641601562e+00 1.340863800048828125e+01
-1.554999985396862030e+02 7.055861473083496094e+00 1.055717086791992188e+01
-1.544999984800815582e+02 6.284827232360839844e+00 9.167731285095214844e+00
-1.534999984204769135e+02 6.117511272430419922e+00 8.844182968139648438e+00
-1.524999983608722687e+02 4.999054431915283203e+00 6.515521526336669922e+00
-1.514999983012676239e+02 4.805572032928466797e+00 5.949203491210937500e+00
-1.504999982416629791e+02 4.558990478515625000e+00 5.185902118682861328e+00
-1.494999981820583344e+02 3.639956474304199219e+00 3.943241596221923828e+00
-1.484999981224536896e+02 3.726298332214355469e+00 3.613042831420898438e+00
-1.474999980628490448e+02 3.383333444595336914e+00 3.335191011428833008e+00
-1.464999980032444000e+02 3.161900758743286133e+00 2.878945350646972656e+00
-1.454999979436397552e+02 2.754616260528564453e+00 2.212072372436523438e+00
-1.444999978840351105e+02 3.056094646453857422e+00 2.780510187149047852e+00
-1.434999978244304657e+02 2.992700815200805664e+00 2.579811811447143555e+00
-1.424999977648258209e+02 2.716692447662353516e+00 1.979398131370544434e+00
-1.414999977052211761e+02 2.571989297866821289e+00 1.490965247154235840e+00
-1.404999976456165314e+02 2.382727622985839844e+00 1.330758810043334961e+00
-1.394999975860118866e+02 2.390546560287475586e+00 1.429428696632385254e+00
-1.384999975264072418e+02 2.407785177230834961e+00 1.176455259323120117e+00
-1.374999974668025970e+02 2.561369180679321289e+00 1.274476766586303711e+00
-1.364999974071979523e+02 2.219175338745117188e+00 1.024619340896606445e+00
-1.354999973475933075e+02 2.305467844009399414e+00 1.170744299888610840e+00
-1.344999972879886627e+02 2.259509801864624023e+00 9.029930830001831055e-01
-1.334999972283840179e+02 2.302292108535766602e+00 1.076513528823852539e+00
-1.324999971687793732e+02 2.499366760253906250e+00 1.273331403732299805e+00
-1.314999971091747284e+02 2.238054037094116211e+00 8.805309534072875977e-01
-1.304999970495700836e+02 2.183143854141235352e+00 1.154593229293823242e+00
-1.294999969899654388e+02 2.251917123794555664e+00 1.062048554420471191e+00
-1.284999969303607941e+02 2.559711694717407227e+00 1.365569949150085449e+00
-1.274999968707561493e+02 2.262948751449584961e+00 9.381931424140930176e-01
-1.264999968111514903e+02 2.292822837829589844e+00 1.088526725769042969e+00
-1.254999967515468740e+02 2.551186561584472656e+00 1.594738721847534180e+00
-1.244999966919422150e+02 2.488378047943115234e+00 1.368124961853027344e+00
-1.234999966323375702e+02 2.373638629913330078e+00 1.212097644805908203e+00
-1.224999965727329112e+02 3.022800683975219727e+00 2.276819229125976562e+00
-1.214999965131282806e+02 2.409622669219970703e+00 1.668535709381103516e+00
-1.204999964535236359e+02 2.662032127380371094e+00 1.949425935745239258e+00
-1.194999963939190053e+02 2.453087091445922852e+00 1.581342577934265137e+00
-1.184999963343143605e+02 2.487118244171142578e+00 1.583900928497314453e+00
-1.174999962747097015e+02 2.903595209121704102e+00 2.310240030288696289e+00
-1.164999962151050568e+02 3.079054594039916992e+00 2.429676055908203125e+00
-1.154999961555003978e+02 2.774376392364501953e+00 1.813830256462097168e+00
-1.144999960958957672e+02 2.638460397720336914e+00 1.956492662429809570e+00
-1.134999960362911224e+02 2.542850971221923828e+00 1.489952564239501953e+00
-1.124999959766864777e+02 2.785824298858642578e+00 1.848655581474304199e+00
-1.114999959170818329e+02 2.560108423233032227e+00 1.636868834495544434e+00
-1.104999958574771881e+02 2.336746215820312500e+00 1.290643453598022461e+00
-1.094999957978725291e+02 2.543950319290161133e+00 1.813659667968750000e+00
-1.084999957382678986e+02 2.537433385848999023e+00 1.915245056152343750e+00
-1.074999956786632538e+02 2.450596809387207031e+00 1.686959743499755859e+00
-1.064999956190586090e+02 2.596397161483764648e+00 1.840594172477722168e+00
-1.054999955594539642e+02 2.426932573318481445e+00 1.616882324218750000e+00
-1.044999954998493195e+02 2.357131242752075195e+00 1.086032986640930176e+00
-1.034999954402446747e+02 2.344847917556762695e+00 1.262258291244506836e+00
-1.024999953806400299e+02 2.340646743774414062e+00 1.360035896301269531e+00
-1.014999953210353851e+02 2.584823846817016602e+00 1.859771609306335449e+00
-1.004999952614307404e+02 2.637722492218017578e+00 1.624932765960693359e+00
-9.949999520182609558e+01 2.372378826141357422e+00 1.508454322814941406e+00
-9.849999514222145081e+01 2.226674079895019531e+00 1.048461914062500000e+00
-9.749999508261680603e+01 2.390208959579467773e+00 1.350437402725219727e+00
-9.649999502301216125e+01 2.339446544647216797e+00 1.345875620841979980e+00
-9.549999496340751648e+01 2.310294866561889648e+00 1.332156896591186523e+00
-9.449999490380287170e+01 2.331544876098632812e+00 1.107396602630615234e+00
-9.349999484419822693e+01 2.444781064987182617e+00 1.401172637939453125e+00
-9.249999478459358215e+01 2.125730037689208984e+00 1.015590310096740723e+00
-9.149999472498893738e+01 2.385593652725219727e+00 1.175804257392883301e+00
-9.049999466538429260e+01 2.494444370269775391e+00 1.367256760597229004e+00
-8.949999460577964783e+01 2.161217927932739258e+00 8.732323646545410156e-01
-8.849999454617500305e+01 2.613016843795776367e+00 1.582275152206420898e+00
-8.749999448657035828e+01 2.298737287521362305e+00 1.386274218559265137e+00
-8.649999442696571350e+01 2.446895837783813477e+00 1.479974627494812012e+00
-8.549999436736106873e+01 2.475993633270263672e+00 1.428043007850646973e+00
-8.449999430775642395e+01 2.340983390808105469e+00 1.316178798675537109e+00
-8.349999424815177917e+01 2.329630136489868164e+00 1.109934210777282715e+00
-8.249999418854713440e+01 2.461946964263916016e+00 1.338566184043884277e+00
-8.149999412894248962e+01 2.295665025711059570e+00 1.111171483993530273e+00
-8.049999406933784485e+01 2.433305025100708008e+00 1.568343758583068848e+00
-7.949999400973320007e+01 2.550231456756591797e+00 1.577834486961364746e+00
-7.849999395012855530e+01 2.473873615264892578e+00 1.478421926498413086e+00
-7.749999389052391052e+01 2.775960683822631836e+00 1.634473800659179688e+00
-7.649999383091926575e+01 2.390729427337646484e+00 1.357169628143310547e+00
-7.549999377131462097e+01 2.374229431152343750e+00 1.506824851036071777e+00
-7.449999371170997620e+01 2.677485227584838867e+00 1.736288547515869141e+00
-7.349999365210533142e+01 2.615992069244384766e+00 1.825477242469787598e+00
-7.249999359250068665e+01 2.702684640884399414e+00 1.930678129196166992e+00
-7.149999353289604187e+01 2.403728008270263672e+00 1.313645958900451660e+00
-7.049999347329139709e+01 2.314784049987792969e+00 1.179570913314819336e+00
-6.949999341368675232e+01 2.518549919128417969e+00 1.515124440193176270e+00
-6.849999335408210754e+01 2.600760221481323242e+00 1.631625771522521973e+00
-6.749999329447746277e+01 2.455168485641479492e+00 1.383104920387268066e+00
-6.649999323487281799e+01 2.471365928649902344e+00 1.490111470222473145e+00
-6.549999317526817322e+01 2.656619071960449219e+00 1.658318042755126953e+00
-6.449999311566352844e+01 2.475663423538208008e+00 1.553704977035522461e+00
-6.349999305605889788e+01 2.649038791656494141e+00 1.293248295783996582e+00
-6.249999299645424600e+01 2.520429134368896484e+00 1.444921731948852539e+00
-6.149999293684959412e+01 2.403126955032348633e+00 1.384408950805664062e+00
-6.049999287724494224e+01 2.358366250991821289e+00 1.144654870033264160e+00
-5.949999281764031167e+01 2.437180042266845703e+00 1.336931705474853516e+00
-5.849999275803565979e+01 2.298194646835327148e+00 1.164733886718750000e+00
-5.749999269843100791e+01 2.391619920730590820e+00 1.239696383476257324e+00
-5.649999263882638445e+01 2.351161241531372070e+00 1.299323916435241699e+00
-5.549999257922173257e+01 2.207208633422851562e+00 1.071676969528198242e+00
-5.449999251961708069e+01 2.113263845443725586e+00 8.300259709358215332e-01
-5.349999246001242881e+01 2.174810647964477539e+00 1.056873083114624023e+00
-5.249999240040779824e+01 2.078795909881591797e+00 8.824111223220825195e-01
-5.149999234080314636e+01 2.059526920318603516e+00 7.271888256072998047e-01
-5.049999228119849448e+01 2.190708637237548828e+00 9.711051583290100098e-01
-4.949999222159387102e+01 2.124303579330444336e+00 7.801908254623413086e-01
-4.849999216198921914e+01 2.128445386886596680e+00 8.503504395484924316e-01
-4.749999210238456726e+01 2.060563087463378906e+00 9.139395952224731445e-01
-4.649999204277991538e+01 1.987637877464294434e+00 6.311121582984924316e-01
-4.549999198317528482e+01 2.029100179672241211e+00 7.163655161857604980e-01
-4.449999192357063293e+01 2.106854438781738281e+00 7.889275550842285156e-01
-4.349999186396598105e+01 2.226682186126708984e+00 1.049764633178710938e+00
-4.249999180436135759e+01 2.159281492233276367e+00 7.122929692268371582e-01
-4.149999174475670571e+01 2.014355182647705078e+00 6.671037673950195312e-01
-4.049999168515205383e+01 1.800070881843566895e+00 3.869574666023254395e-01
-3.949999162554740195e+01 1.977675795555114746e+00 5.023607611656188965e-01
-3.849999156594277139e+01 2.042302608489990234e+00 7.060156464576721191e-01
-3.749999150633811951e+01 2.019229173660278320e+00 7.364602088928222656e-01
-3.649999144673346763e+01 1.882524251937866211e+00 4.991681873798370361e-01
-3.549999138712884417e+01 2.054571628570556641e+00 6.408604383468627930e-01
-3.449999132752419229e+01 2.123300075531005859e+00 7.086755037307739258e-01
-3.349999126791954041e+01 2.095264196395874023e+00 7.611078619956970215e-01
-3.249999120831488852e+01 1.891380906105041504e+00 5.415638089179992676e-01
-3.149999114871025796e+01 1.823689937591552734e+00 4.568169713020324707e-01
-3.049999108910560608e+01 2.086317777633666992e+00 7.092698812484741211e-01
-2.949999102950095420e+01 2.080403804779052734e+00 6.036219000816345215e-01
-2.849999096989632719e+01 2.050889730453491211e+00 6.828165054321289062e-01
-2.749999091029167531e+01 2.021924972534179688e+00 4.766533076763153076e-01
-2.649999085068702342e+01 1.923168063163757324e+00 6.155646443367004395e-01
-2.549999079108239641e+01 2.000115394592285156e+00 9.109590649604797363e-01
-2.449999073147774453e+01 1.940438628196716309e+00 5.483882427215576172e-01
-2.349999067187309265e+01 1.802186250686645508e+00 6.276459097862243652e-01
-2.249999061226844077e+01 2.008968114852905273e+00 6.769489049911499023e-01
-2.149999055266381376e+01 1.785296678543090820e+00 5.972850322723388672e-01
-2.049999049305916188e+01 2.050435304641723633e+00 8.970010876655578613e-01
-1.949999043345451000e+01 1.930298089981079102e+00 9.651836752891540527e-01
-1.849999037384988299e+01 2.152172565460205078e+00 8.019008636474609375e-01
-1.749999031424523110e+01 2.192468404769897461e+00 8.937688469886779785e-01
-1.649999025464057922e+01 1.904962062835693359e+00 6.825243234634399414e-01
-1.549999019503592734e+01 1.973611116409301758e+00 5.738282799720764160e-01
-1.449999013543130033e+01 1.843642473220825195e+00 7.420944571495056152e-01
-1.349999007582664845e+01 2.205784320831298828e+00 1.091459274291992188e+00
-1.249999001622199657e+01 2.037280082702636719e+00 8.227823972702026367e-01
-1.149998995661736956e+01 1.943108201026916504e+00 6.978408694267272949e-01
-1.049998989701271768e+01 1.897330641746520996e+00 8.464042544364929199e-01
-9.499989837408065796e+00 1.987382173538208008e+00 9.150168299674987793e-01
-8.499989777803413915e+00 2.166866540908813477e+00 1.180895447731018066e+00
-7.499989718198786903e+00 1.828838348388671875e+00 5.607727169990539551e-01
-6.499989658594135022e+00 2.137495756149291992e+00 8.683560490608215332e-01
-5.499989598989483142e+00 1.913691759109497070e+00 6.829919815063476562e-01
-4.499989539384856130e+00 2.021508216857910156e+00 9.662641882896423340e-01
-3.499989479780204249e+00 2.025824546813964844e+00 9.654535651206970215e-01
-2.499989420175551924e+00 2.002269268035888672e+00 8.309884667396545410e-01
-1.499989360570899821e+00 1.986984372138977051e+00 8.230552673339843750e-01
-4.999893009662732535e-01 2.258402824401855469e+00 1.633216738700866699e+00
5.000107586383788494e-01 0.000000000000000000e+00 0.000000000000000000e+00
1.500010818243030952e+00 0.000000000000000000e+00 0.000000000000000000e+00
2.500010877847657742e+00 0.000000000000000000e+00 0.000000000000000000e+00
3.500010937452309623e+00 0.000000000000000000e+00 0.000000000000000000e+00
4.500010997056961948e+00 1.744493246078491211e+00 8.684803843498229980e-01
5.500011056661613829e+00 1.760178208351135254e+00 6.655313372611999512e-01
6.500011116266240840e+00 1.989777088165283203e+00 8.523203134536743164e-01
7.500011175870892721e+00 2.311444282531738281e+00 1.108878016471862793e+00
8.500011235475545490e+00 1.987707376480102539e+00 9.204641580581665039e-01
9.500011295080170726e+00 2.145507335662841797e+00 1.152461528778076172e+00
1.050001135468482261e+01 2.064435243606567383e+00 9.396063089370727539e-01
1.150001141428947626e+01 2.190548419952392578e+00 1.373600721359252930e+00
1.250001147389410150e+01 2.148576498031616211e+00 9.099363088607788086e-01
1.350001153349875338e+01 2.039796590805053711e+00 8.483827114105224609e-01
1.450001159310340704e+01 2.056305408477783203e+00 9.287134408950805664e-01
1.550001165270805892e+01 2.182996988296508789e+00 1.135946631431579590e+00
1.650001171231268415e+01 2.317245960235595703e+00 1.260112524032592773e+00
1.750001177191733603e+01 2.158046483993530273e+00 1.283248543739318848e+00
1.850001183152198792e+01 1.992434978485107422e+00 8.306415677070617676e-01
1.950001189112661493e+01 2.038926601409912109e+00 1.048712015151977539e+00
2.050001195073126681e+01 2.222450733184814453e+00 1.293542742729187012e+00
2.150001201033591869e+01 1.961624622344970703e+00 7.975971698760986328e-01
2.250001206994057057e+01 2.208156824111938477e+00 1.218036532402038574e+00
2.350001212954519758e+01 2.296675205230712891e+00 9.852055311203002930e-01
2.450001218914984946e+01 2.580568552017211914e+00 1.670786023139953613e+00
2.550001224875450134e+01 2.532047510147094727e+00 1.679595947265625000e+00
2.650001230835912835e+01 2.471848487854003906e+00 1.611209630966186523e+00
2.750001236796378024e+01 2.579679250717163086e+00 1.668777108192443848e+00
2.850001242756843212e+01 2.669719457626342773e+00 1.991874575614929199e+00
2.950001248717308400e+01 2.742210865020751953e+00 2.119339466094970703e+00
3.050001254677771101e+01 2.787163019180297852e+00 1.981243371963500977e+00
3.150001260638236289e+01 2.460350751876831055e+00 1.559914588928222656e+00
3.250001266598701477e+01 2.521044492721557617e+00 1.881536245346069336e+00
3.350001272559164534e+01 2.568768739700317383e+00 2.148417949676513672e+00
3.450001278519629722e+01 2.711630105972290039e+00 2.297181844711303711e+00
3.550001284480094910e+01 2.393688440322875977e+00 1.760642647743225098e+00
3.650001290440560098e+01 2.669457674026489258e+00 2.211407899856567383e+00
3.750001296401022444e+01 2.565747737884521484e+00 1.874470233917236328e+00
3.850001302361487632e+01 2.427832126617431641e+00 1.778044819831848145e+00
3.950001308321952820e+01 2.371540307998657227e+00 1.590006470680236816e+00
4.050001314282415876e+01 2.340473651885986328e+00 1.751865029335021973e+00
4.150001320242881064e+01 2.677364349365234375e+00 2.178194046020507812e+00
4.250001326203346252e+01 3.068762779235839844e+00 2.763214588165283203e+00
4.350001332163811441e+01 3.065587282180786133e+00 2.852509021759033203e+00
4.450001338124273786e+01 2.925269603729248047e+00 2.642886400222778320e+00
4.550001344084738975e+01 2.838392019271850586e+00 2.247585535049438477e+00
4.650001350045204163e+01 2.791486024856567383e+00 2.314443588256835938e+00
4.750001356005667219e+01 2.712303400039672852e+00 2.271140813827514648e+00
4.850001361966132407e+01 2.943415641784667969e+00 2.818424940109252930e+00
4.950001367926597595e+01 2.931445837020874023e+00 2.551897287368774414e+00
5.050001373887062783e+01 2.495405673980712891e+00 1.544301390647888184e+00
5.150001379847527971e+01 2.475072622299194336e+00 1.764262676239013672e+00
5.250001385807988186e+01 2.531615257263183594e+00 1.757429122924804688e+00
5.350001391768453374e+01 2.565948009490966797e+00 1.796584486961364746e+00
5.450001397728918562e+01 2.253807306289672852e+00 1.121280550956726074e+00
5.550001403689383750e+01 2.356268882751464844e+00 1.719363212585449219e+00
5.650001409649848938e+01 2.688781499862670898e+00 2.200998783111572266e+00
5.750001415610314126e+01 2.241652488708496094e+00 1.103391647338867188e+00
5.850001421570779314e+01 2.222431898117065430e+00 1.365773320198059082e+00
5.950001427531239528e+01 2.053683519363403320e+00 1.080803871154785156e+00
6.050001433491704717e+01 2.032278299331665039e+00 8.723586797714233398e-01
6.150001439452169905e+01 1.993855118751525879e+00 9.828056693077087402e-01
6.250001445412635093e+01 1.985943078994750977e+00 9.779599308967590332e-01
6.350001451373100281e+01 2.165690183639526367e+00 1.137596011161804199e+00
6.450001457333564758e+01 2.143296480178833008e+00 9.021043777465820312e-01
6.550001463294030657e+01 1.815941691398620605e+00 6.944326162338256836e-01
6.650001469254490871e+01 2.021129608154296875e+00 1.171293616294860840e+00
6.750001475214955349e+01 2.080676555633544922e+00 9.361883997917175293e-01
6.850001481175421247e+01 2.141965150833129883e+00 1.115485429763793945e+00
6.950001487135885725e+01 2.127485036849975586e+00 1.065601587295532227e+00
7.050001493096351624e+01 1.905289411544799805e+00 9.138795137405395508e-01
7.150001499056816101e+01 2.040292024612426758e+00 1.127297520637512207e+00
7.250001505017282000e+01 2.046741962432861328e+00 1.041096568107604980e+00
7.350001510977742214e+01 2.059535741806030273e+00 9.228656291961669922e-01
7.450001516938206692e+01 2.270156145095825195e+00 1.259894490242004395e+00
7.550001522898672590e+01 1.901231646537780762e+00 8.757357597351074219e-01
7.650001528859137068e+01 1.914477467536926270e+00 8.132669329643249512e-01
7.750001534819602966e+01 1.948513746261596680e+00 9.682466387748718262e-01
7.850001540780068865e+01 1.910978198051452637e+00 8.282603621482849121e-01
7.950001546740533342e+01 1.849535226821899414e+00 7.710849642753601074e-01
8.050001552700993557e+01 1.908152937889099121e+00 7.063950896263122559e-01
8.150001558661458034e+01 2.106869220733642578e+00 8.297144174575805664e-01
8.250001564621923933e+01 1.885307073593139648e+00 8.246618509292602539e-01
8.350001570582388410e+01 1.691679120063781738e+00 7.846530675888061523e-01
8.450001576542854309e+01 1.886443972587585449e+00 8.243219256401062012e-01
8.550001582503320208e+01 1.800143718719482422e+00 1.152210831642150879e+00
8.650001588463784685e+01 1.981048464775085449e+00 1.524292349815368652e+00
8.750001594424244900e+01 1.619706034660339355e+00 1.106559872627258301e+00
8.850001600384709377e+01 9.548945724964141846e-02 7.436953485012054443e-02
8.950001606345175276e+01 8.782211691141128540e-02 7.065930217504501343e-02
9.050001612305641174e+01 1.145886063575744629e+00 7.058143019676208496e-01
9.150001618266105652e+01 2.205857515335083008e+00 1.695196747779846191e+00
9.250001624226571550e+01 2.743124246597290039e+00 3.061562538146972656e+00
9.350001630187036028e+01 2.683872461318969727e+00 2.773692131042480469e+00
9.450001636147496242e+01 2.727278709411621094e+00 2.570937395095825195e+00
9.550001642107962141e+01 3.343411922454833984e+00 3.481944322586059570e+00
9.650001648068426618e+01 3.376049518585205078e+00 3.881177425384521484e+00
9.750001654028892517e+01 3.457672595977783203e+00 4.107648849487304688e+00
9.850001659989356995e+01 3.154530048370361328e+00 3.210388898849487305e+00
9.950001665949822893e+01 3.778162479400634766e+00 4.814326763153076172e+00
1.005000167191028737e+02 3.878424406051635742e+00 4.808220863342285156e+00
1.015000167787074759e+02 4.414480209350585938e+00 5.498609066009521484e+00
1.025000168383121348e+02 4.073841094970703125e+00 5.244720935821533203e+00
1.035000168979167796e+02 4.449563026428222656e+00 5.921103477478027344e+00
1.045000169575214386e+02 5.515552043914794922e+00 8.482945442199707031e+00
1.055000170171260834e+02 6.276927471160888672e+00 9.463749885559082031e+00
1.065000170767307424e+02 6.164984703063964844e+00 9.338060379028320312e+00
1.075000171363353871e+02 6.468821525573730469e+00 1.037545871734619141e+01
1.085000171959399893e+02 6.895933151245117188e+00 1.097009658813476562e+01
1.095000172555446483e+02 7.617033004760742188e+00 1.231135368347167969e+01
1.105000173151492930e+02 8.000316619873046875e+00 1.306023979187011719e+01
1.115000173747539520e+02 8.842648506164550781e+00 1.535851669311523438e+01
1.125000174343585968e+02 8.504673004150390625e+00 1.428457450866699219e+01
1.135000174939632558e+02 1.015924739837646484e+01 1.784091186523437500e+01
1.145000175535679006e+02 9.605010032653808594e+00 1.613696289062500000e+01
1.155000176131725027e+02 1.191684913635253906e+01 2.105781173706054688e+01
1.165000176727771617e+02 1.257068061828613281e+01 2.283956909179687500e+01
1.175000177323818065e+02 1.458484840393066406e+01 2.699709320068359375e+01
1.185000177919864655e+02 1.538297367095947266e+01 2.816604423522949219e+01
1.195000178515911102e+02 1.604491424560546875e+01 3.021815872192382812e+01
1.205000179111957692e+02 1.810629653930664062e+01 3.432017517089843750e+01
1.215000179708003714e+02 1.888365364074707031e+01 3.542102432250976562e+01
1.225000180304050161e+02 2.008199691772460938e+01 3.773511123657226562e+01
1.235000180900096751e+02 2.093151664733886719e+01 3.945932006835937500e+01
1.245000181496143199e+02 2.326679611206054688e+01 4.587086105346679688e+01
1.255000182092189789e+02 2.476009941101074219e+01 4.770460128784179688e+01
1.265000182688236237e+02 2.450550270080566406e+01 4.806770706176757812e+01
1.275000183284282826e+02 2.607499313354492188e+01 5.153559494018554688e+01
1.285000183880328848e+02 2.671982192993164062e+01 5.144036865234375000e+01
1.295000184476375296e+02 2.855485343933105469e+01 5.548295211791992188e+01
1.305000185072421743e+02 2.893227386474609375e+01 5.656412124633789062e+01
1.315000185668468475e+02 2.780737304687500000e+01 5.478285980224609375e+01
1.325000186264514923e+02 2.812860870361328125e+01 5.469166564941406250e+01
1.335000186860561371e+02 2.770709991455078125e+01 5.315395736694335938e+01
1.345000187456607819e+02 2.685121917724609375e+01 5.252004623413085938e+01
1.355000188052653982e+02 2.869400978088378906e+01 5.576279830932617188e+01
1.365000188648700430e+02 2.598124885559082031e+01 5.006135940551757812e+01
1.375000189244746878e+02 2.573742294311523438e+01 4.942589950561523438e+01
1.385000189840793610e+02 2.456923294067382812e+01 4.809592437744140625e+01
1.395000190436840057e+02 2.410612297058105469e+01 4.600538635253906250e+01
1.405000191032886505e+02 2.289863967895507812e+01 4.339740753173828125e+01
1.415000191628932953e+02 2.120508766174316406e+01 4.021187591552734375e+01
1.425000192224979116e+02 1.970083999633789062e+01 3.767931747436523438e+01
1.435000192821025564e+02 1.865980148315429688e+01 3.559151077270507812e+01
1.445000193417072012e+02 1.777123260498046875e+01 3.303676986694335938e+01
1.455000194013118744e+02 1.729400253295898438e+01 3.201864242553710938e+01
1.465000194609165192e+02 1.613698577880859375e+01 2.937205314636230469e+01
1.475000195205211639e+02 1.494563388824462891e+01 2.708635330200195312e+01
1.485000195801258087e+02 1.443563365936279297e+01 2.664119529724121094e+01
1.495000196397304251e+02 1.251865005493164062e+01 2.275255584716796875e+01
1.505000196993350698e+02 1.299958133697509766e+01 2.354991340637207031e+01
1.515000197589397146e+02 1.209638023376464844e+01 2.199771118164062500e+01
1.525000198185443878e+02 1.170207405090332031e+01 2.053572082519531250e+01
1.535000198781490326e+02 1.155521011352539062e+01 1.997871780395507812e+01
1.545000199377536774e+02 1.218399047851562500e+01 2.169882392883300781e+01
1.555000199973583221e+02 1.098695564270019531e+01 1.942943000793457031e+01
1.565000200569629385e+02 1.040684509277343750e+01 1.790672111511230469e+01
1.575000201165675833e+02 1.081445980072021484e+01 1.897653961181640625e+01
1.585000201761722280e+02 9.850388526916503906e+00 1.652575874328613281e+01
1.595000202357769012e+02 1.192140388488769531e+01 2.092177963256835938e+01
1.605000202953815460e+02 1.263425254821777344e+01 2.286463928222656250e+01
1.615000203549861908e+02 1.138546657562255859e+01 1.940536308288574219e+01
1.625000204145908356e+02 1.170386314392089844e+01 2.071953201293945312e+01
1.635000204741954519e+02 1.320758056640625000e+01 2.413390159606933594e+01
1.645000205338000967e+02 1.361667919158935547e+01 2.461251258850097656e+01
1.655000205934047415e+02 1.261615562438964844e+01 2.219823837280273438e+01
1.665000206530094147e+02 1.205779933929443359e+01 2.152684020996093750e+01
1.675000207126140594e+02 1.342986011505126953e+01 2.469793319702148438e+01
1.685000207722187042e+02 1.631104469299316406e+01 3.035157012939453125e+01
1.695000208318233490e+02 1.623558807373046875e+01 2.963801956176757812e+01
1.705000208914279654e+02 1.618885231018066406e+01 3.011672401428222656e+01
1.715000209510326101e+02 1.760321044921875000e+01 3.255743408203125000e+01
1.725000210106372549e+02 2.005196762084960938e+01 3.789065551757812500e+01
1.735000210702419281e+02 1.917731475830078125e+01 3.576567840576171875e+01
1.745000211298465729e+02 2.009320449829101562e+01 3.764166641235351562e+01
1.755000211894512177e+02 1.992785835266113281e+01 3.621216201782226562e+01
1.765000212490558624e+02 0.000000000000000000e+00 0.000000000000000000e+00
1.775000213086604788e+02 0.000000000000000000e+00 0.000000000000000000e+00
1.785000213682651236e+02 0.000000000000000000e+00 0.000000000000000000e+00
1.795000214278697968e+02 0.000000000000000000e+00 0.000000000000000000e+00
