gamma  mean  std
-1.794999999701976776e+02 1.360474705696105957e+00 3.585278987884521484e-01
-1.784999999105930328e+02 1.302758336067199707e+00 1.821655631065368652e-01
-1.774999998509883881e+02 1.266368865966796875e+00 2.280253767967224121e-01
-1.764999997913837433e+02 1.329667448997497559e+00 2.610049545764923096e-01
-1.754999997317790985e+02 1.173438191413879395e+00 1.771874576807022095e-01
-1.744999996721744253e+02 1.318675875663757324e+00 2.486689984798431396e-01
-1.734999996125698090e+02 1.306711196899414062e+00 2.515782415866851807e-01
-1.724999995529651642e+02 1.207160234451293945e+00 1.646417975425720215e-01
-1.714999994933605194e+02 1.222797513008117676e+00 2.056601196527481079e-01
-1.704999994337558746e+02 1.354065179824829102e+00 1.715271472930908203e-01
-1.694999993741512299e+02 1.345325589179992676e+00 2.179765701293945312e-01
-1.684999993145465851e+02 1.239942789077758789e+00 1.064722314476966858e-01
-1.674999992549419403e+02 1.151007533073425293e+00 1.775655895471572876e-01
-1.664999991953372955e+02 1.237271547317504883e+00 1.810225993394851685e-01
-1.654999991357326508e+02 1.230297327041625977e+00 1.074377968907356262e-01
-1.644999990761280060e+02 1.259694695472717285e+00 1.529857069253921509e-01
-1.634999990165233612e+02 1.155299901962280273e+00 1.418966948986053467e-01
-1.624999989569187164e+02 1.234900712966918945e+00 2.008116990327835083e-01
-1.614999988973140717e+02 1.251805901527404785e+00 1.657914519309997559e-01
-1.604999988377094269e+02 1.272522211074829102e+00 1.674608737230300903e-01
-1.594999987781047821e+02 1.268050193786621094e+00 1.731834560632705688e-01
-1.584999987185001373e+02 1.362345337867736816e+00 1.644288748502731323e-01
-1.574999986588954926e+02 1.228722333908081055e+00 2.675797641277313232e-01
-1.564999985992908478e+02 1.171313643455505371e+00 1.737648099660873413e-01
-1.554999985396862030e+02 1.359946966171264648e+00 2.397283762693405151e-01
-1.544999984800815582e+02 1.244413495063781738e+00 1.902022212743759155e-01
-1.534999984204769135e+02 1.282797694206237793e+00 1.357266753911972046e-01
-1.524999983608722687e+02 1.356539011001586914e+00 2.304284125566482544e-01
-1.514999983012676239e+02 1.302658081054687500e+00 1.785112768411636353e-01
-1.504999982416629791e+02 1.066110253334045410e+00 2.244750410318374634e-01
-1.494999981820583344e+02 1.214305996894836426e+00 1.597615778446197510e-01
-1.484999981224536896e+02 1.305115342140197754e+00 1.857217103242874146e-01
-1.474999980628490448e+02 1.111170053482055664e+00 1.728761792182922363e-01
-1.464999980032444000e+02 1.182641983032226562e+00 1.024016812443733215e-01
-1.454999979436397552e+02 1.363782882690429688e+00 2.268242537975311279e-01
-1.444999978840351105e+02 1.313926815986633301e+00 2.480991482734680176e-01
-1.434999978244304657e+02 1.282789826393127441e+00 1.628325283527374268e-01
-1.424999977648258209e+02 1.293745160102844238e+00 1.912988126277923584e-01
-1.414999977052211761e+02 1.351072072982788086e+00 1.711671799421310425e-01
-1.404999976456165314e+02 1.226746678352355957e+00 3.876135125756263733e-02
-1.394999975860118866e+02 1.215471506118774414e+00 1.873426139354705811e-01
-1.384999975264072418e+02 1.182427048683166504e+00 1.804766952991485596e-01
-1.374999974668025970e+02 1.217650413513183594e+00 1.979421675205230713e-01
-1.364999974071979523e+02 1.199654221534729004e+00 3.290086686611175537e-01
-1.354999973475933075e+02 1.282599449157714844e+00 9.117680042982101440e-02
-1.344999972879886627e+02 1.142599701881408691e+00 2.622805237770080566e-01
-1.334999972283840179e+02 1.381072163581848145e+00 2.984395325183868408e-01
-1.324999971687793732e+02 1.210548281669616699e+00 7.280214130878448486e-02
-1.314999971091747284e+02 1.121035456657409668e+00 1.611046046018600464e-01
-1.304999970495700836e+02 1.265176057815551758e+00 1.350838989019393921e-01
-1.294999969899654388e+02 1.256005644798278809e+00 9.623453766107559204e-02
-1.284999969303607941e+02 1.175239324569702148e+00 2.078368365764617920e-01
-1.274999968707561493e+02 1.240771293640136719e+00 1.683529615402221680e-01
-1.264999968111514903e+02 1.346956491470336914e+00 1.486210227012634277e-01
-1.254999967515468740e+02 1.317588567733764648e+00 1.289720982313156128e-01
-1.244999966919422150e+02 1.189401745796203613e+00 7.298886775970458984e-02
-1.234999966323375702e+02 1.231501340866088867e+00 1.889363229274749756e-01
-1.224999965727329112e+02 1.346933364868164062e+00 1.662669926881790161e-01
-1.214999965131282806e+02 1.178815126419067383e+00 2.368503063917160034e-01
-1.204999964535236359e+02 1.183771371841430664e+00 1.891553252935409546e-01
-1.194999963939190053e+02 1.314681887626647949e+00 1.961599141359329224e-01
-1.184999963343143605e+02 1.223654389381408691e+00 1.875994950532913208e-01
-1.174999962747097015e+02 1.247173190116882324e+00 2.853104174137115479e-01
-1.164999962151050568e+02 1.310363173484802246e+00 1.541567146778106689e-01
-1.154999961555003978e+02 1.249394536018371582e+00 2.381050884723663330e-01
-1.144999960958957672e+02 1.269812703132629395e+00 1.915332376956939697e-01
-1.134999960362911224e+02 1.269684791564941406e+00 1.745497584342956543e-01
-1.124999959766864777e+02 1.167093873023986816e+00 1.661742329597473145e-01
-1.114999959170818329e+02 1.147454857826232910e+00 1.934004724025726318e-01
-1.104999958574771881e+02 1.213929891586303711e+00 1.535167694091796875e-01
-1.094999957978725291e+02 1.207607984542846680e+00 1.968884021043777466e-01
-1.084999957382678986e+02 1.305560350418090820e+00 2.240601629018783569e-01
-1.074999956786632538e+02 1.277778863906860352e+00 7.740955799818038940e-02
-1.064999956190586090e+02 1.373470187187194824e+00 1.974447816610336304e-01
-1.054999955594539642e+02 1.234009623527526855e+00 1.783318370580673218e-01
-1.044999954998493195e+02 1.112698197364807129e+00 1.976569890975952148e-01
-1.034999954402446747e+02 1.233736753463745117e+00 3.213003873825073242e-01
-1.024999953806400299e+02 1.237981677055358887e+00 2.362247854471206665e-01
-1.014999953210353851e+02 1.133125185966491699e+00 1.091295778751373291e-01
-1.004999952614307404e+02 1.302788615226745605e+00 1.570133715867996216e-01
-9.949999520182609558e+01 1.160812020301818848e+00 1.911493241786956787e-01
-9.849999514222145081e+01 1.311573386192321777e+00 1.553581207990646362e-01
-9.749999508261680603e+01 1.151645779609680176e+00 1.774367988109588623e-01
-9.649999502301216125e+01 1.240274310111999512e+00 1.301839947700500488e-01
-9.549999496340751648e+01 1.229480504989624023e+00 1.721955239772796631e-01
-9.449999490380287170e+01 1.301792860031127930e+00 1.754734665155410767e-01
-9.349999484419822693e+01 1.190881848335266113e+00 1.295877993106842041e-01
-9.249999478459358215e+01 1.301792144775390625e+00 1.662518829107284546e-01
-9.149999472498893738e+01 1.250377058982849121e+00 2.504693269729614258e-01
-9.049999466538429260e+01 1.334689855575561523e+00 2.629677057266235352e-01
-8.949999460577964783e+01 1.168767690658569336e+00 1.812504231929779053e-01
-8.849999454617500305e+01 1.280966997146606445e+00 1.819483637809753418e-01
-8.749999448657035828e+01 1.358459711074829102e+00 2.716954052448272705e-01
-8.649999442696571350e+01 1.276437401771545410e+00 1.621726155281066895e-01
-8.549999436736106873e+01 1.355310082435607910e+00 1.915754228830337524e-01
-8.449999430775642395e+01 1.210713505744934082e+00 1.602602750062942505e-01
-8.349999424815177917e+01 1.238797307014465332e+00 2.697919309139251709e-01
-8.249999418854713440e+01 1.414425611495971680e+00 1.270241737365722656e-01
-8.149999412894248962e+01 1.358306288719177246e+00 1.004044562578201294e-01
-8.049999406933784485e+01 1.225993990898132324e+00 1.229826509952545166e-01
-7.949999400973320007e+01 1.249973058700561523e+00 2.115973979234695435e-01
-7.849999395012855530e+01 1.250943183898925781e+00 2.016953825950622559e-01
-7.749999389052391052e+01 1.348564267158508301e+00 1.039418578147888184e-01
-7.649999383091926575e+01 1.214960455894470215e+00 2.297951877117156982e-01
-7.549999377131462097e+01 1.172437429428100586e+00 2.321352213621139526e-01
-7.449999371170997620e+01 1.328047633171081543e+00 3.404406011104583740e-01
-7.349999365210533142e+01 1.286303520202636719e+00 1.446408033370971680e-01
-7.249999359250068665e+01 1.314114570617675781e+00 1.726209223270416260e-01
-7.149999353289604187e+01 1.327738642692565918e+00 1.893532723188400269e-01
-7.049999347329139709e+01 1.365610718727111816e+00 1.870757937431335449e-01
-6.949999341368675232e+01 1.263452529907226562e+00 1.893457472324371338e-01
-6.849999335408210754e+01 1.318542480468750000e+00 2.003355473279953003e-01
-6.749999329447746277e+01 1.299851536750793457e+00 1.825359761714935303e-01
-6.649999323487281799e+01 1.262344956398010254e+00 2.499905824661254883e-01
-6.549999317526817322e+01 1.347893595695495605e+00 1.885177642107009888e-01
-6.449999311566352844e+01 1.334743857383728027e+00 1.831944435834884644e-01
-6.349999305605889788e+01 1.356685996055603027e+00 2.310876548290252686e-01
-6.249999299645424600e+01 1.235708475112915039e+00 1.340682208538055420e-01
-6.149999293684959412e+01 1.218565821647644043e+00 1.551070958375930786e-01
-6.049999287724494224e+01 1.107109427452087402e+00 1.540760248899459839e-01
-5.949999281764031167e+01 1.348452925682067871e+00 2.046531438827514648e-01
-5.849999275803565979e+01 1.230902791023254395e+00 2.113201171159744263e-01
-5.749999269843100791e+01 1.312188148498535156e+00 1.859333664178848267e-01
-5.649999263882638445e+01 1.188310027122497559e+00 1.733867526054382324e-01
-5.549999257922173257e+01 1.210853576660156250e+00 1.633141934871673584e-01
-5.449999251961708069e+01 1.239514708518981934e+00 1.376219242811203003e-01
-5.349999246001242881e+01 1.135330200195312500e+00 2.187784612178802490e-01
-5.249999240040779824e+01 1.365110397338867188e+00 1.469120234251022339e-01
-5.149999234080314636e+01 1.126516342163085938e+00 1.381431967020034790e-01
-5.049999228119849448e+01 1.208629369735717773e+00 1.381158083677291870e-01
-4.949999222159387102e+01 1.182001709938049316e+00 2.086307555437088013e-01
-4.849999216198921914e+01 1.143929600715637207e+00 8.509004861116409302e-02
-4.749999210238456726e+01 1.255863785743713379e+00 1.985365301370620728e-01
-4.649999204277991538e+01 1.059767365455627441e+00 1.732648015022277832e-01
-4.549999198317528482e+01 1.232201933860778809e+00 1.288121640682220459e-01
-4.449999192357063293e+01 1.085099577903747559e+00 2.215868830680847168e-01
-4.349999186396598105e+01 1.146342992782592773e+00 1.882644742727279663e-01
-4.249999180436135759e+01 1.438773989677429199e+00 2.015671283006668091e-01
-4.149999174475670571e+01 1.243408799171447754e+00 1.033682599663734436e-01
-4.049999168515205383e+01 1.284687042236328125e+00 2.014764100313186646e-01
-3.949999162554740195e+01 1.251739263534545898e+00 1.675213426351547241e-01
-3.849999156594277139e+01 1.348497390747070312e+00 2.464136779308319092e-01
-3.749999150633811951e+01 1.183287382125854492e+00 2.498188763856887817e-01
-3.649999144673346763e+01 1.227889060974121094e+00 1.397247016429901123e-01
-3.549999138712884417e+01 1.265842318534851074e+00 1.426978111267089844e-01
-3.449999132752419229e+01 1.273051977157592773e+00 2.056541442871093750e-01
-3.349999126791954041e+01 1.256383895874023438e+00 2.156034857034683228e-01
-3.249999120831488852e+01 1.266436934471130371e+00 1.237881630659103394e-01
-3.149999114871025796e+01 1.240539193153381348e+00 2.051595002412796021e-01
-3.049999108910560608e+01 1.306373953819274902e+00 3.018241226673126221e-01
-2.949999102950095420e+01 1.361626982688903809e+00 2.005888223648071289e-01
-2.849999096989632719e+01 1.196880221366882324e+00 2.510554194450378418e-01
-2.749999091029167531e+01 1.295850157737731934e+00 2.931126654148101807e-01
-2.649999085068702342e+01 1.179393172264099121e+00 1.981984823942184448e-01
-2.549999079108239641e+01 1.165233373641967773e+00 2.034156471490859985e-01
-2.449999073147774453e+01 1.326731443405151367e+00 2.668097019195556641e-01
-2.349999067187309265e+01 1.139881491661071777e+00 1.371969878673553467e-01
-2.249999061226844077e+01 1.316138029098510742e+00 1.840506643056869507e-01
-2.149999055266381376e+01 1.164712667465209961e+00 2.073588669300079346e-01
-2.049999049305916188e+01 1.219699144363403320e+00 1.852533370256423950e-01
-1.949999043345451000e+01 1.219879388809204102e+00 1.926025301218032837e-01
-1.849999037384988299e+01 1.305441617965698242e+00 2.460317909717559814e-01
-1.749999031424523110e+01 1.061075329780578613e+00 1.701349318027496338e-01
-1.649999025464057922e+01 1.232512593269348145e+00 1.589141190052032471e-01
-1.549999019503592734e+01 1.119857788085937500e+00 1.749968975782394409e-01
-1.449999013543130033e+01 1.144641041755676270e+00 1.507825404405593872e-01
-1.349999007582664845e+01 1.160663247108459473e+00 2.302321344614028931e-01
-1.249999001622199657e+01 1.295965433120727539e+00 1.390416622161865234e-01
-1.149998995661736956e+01 1.028199553489685059e+00 1.585151553153991699e-01
-1.049998989701271768e+01 1.215850591659545898e+00 1.775318533182144165e-01
-9.499989837408065796e+00 1.244138479232788086e+00 1.305943727493286133e-01
-8.499989777803413915e+00 1.102956175804138184e+00 1.469548344612121582e-01
-7.499989718198786903e+00 1.239335775375366211e+00 1.590714305639266968e-01
-6.499989658594135022e+00 1.099582791328430176e+00 1.510379910469055176e-01
-5.499989598989483142e+00 1.138950347900390625e+00 1.480661481618881226e-01
-4.499989539384856130e+00 1.255835771560668945e+00 2.097412198781967163e-01
-3.499989479780204249e+00 1.159747838973999023e+00 1.649639010429382324e-01
-2.499989420175551924e+00 1.192611336708068848e+00 1.565879732370376587e-01
-1.499989360570899821e+00 1.260198712348937988e+00 1.557758599519729614e-01
-4.999893009662732535e-01 1.304884910583496094e+00 2.991266548633575439e-01
5.000107586383788494e-01 0.000000000000000000e+00 0.000000000000000000e+00
1.500010818243030952e+00 0.000000000000000000e+00 0.000000000000000000e+00
2.500010877847657742e+00 0.000000000000000000e+00 0.000000000000000000e+00
3.500010937452309623e+00 1.140794515609741211e+00 3.342564404010772705e-01
4.500010997056961948e+00 1.058683395385742188e+00 1.394278109073638916e-01
5.500011056661613829e+00 1.220953822135925293e+00 1.384835243225097656e-01
6.500011116266240840e+00 1.136601805686950684e+00 9.505978971719741821e-02
7.500011175870892721e+00 1.152739644050598145e+00 6.722643226385116577e-02
8.500011235475545490e+00 1.379585862159729004e+00 1.839221864938735962e-01
9.500011295080170726e+00 1.165924668312072754e+00 1.609881073236465454e-01
1.050001135468482261e+01 1.263465046882629395e+00 1.496348530054092407e-01
1.150001141428947626e+01 1.218885660171508789e+00 1.731802672147750854e-01
1.250001147389410150e+01 1.151087522506713867e+00 2.123012989759445190e-01
1.350001153349875338e+01 1.362712740898132324e+00 2.291710972785949707e-01
1.450001159310340704e+01 1.062180280685424805e+00 9.955754876136779785e-02
1.550001165270805892e+01 1.068372130393981934e+00 1.285348087549209595e-01
1.650001171231268415e+01 1.075297236442565918e+00 1.024520993232727051e-01
1.750001177191733603e+01 1.275774598121643066e+00 2.023398876190185547e-01
1.850001183152198792e+01 1.252131462097167969e+00 2.328859120607376099e-01
1.950001189112661493e+01 1.095986604690551758e+00 1.343310326337814331e-01
2.050001195073126681e+01 1.193631768226623535e+00 1.358521133661270142e-01
2.150001201033591869e+01 1.360877037048339844e+00 1.373315900564193726e-01
2.250001206994057057e+01 1.186130762100219727e+00 1.688804626464843750e-01
2.350001212954519758e+01 1.321745872497558594e+00 3.304476737976074219e-01
2.450001218914984946e+01 1.208848834037780762e+00 1.264307796955108643e-01
2.550001224875450134e+01 1.248258709907531738e+00 1.887997388839721680e-01
2.650001230835912835e+01 1.296195745468139648e+00 1.975001692771911621e-01
2.750001236796378024e+01 1.259256720542907715e+00 1.365775763988494873e-01
2.850001242756843212e+01 1.261774897575378418e+00 1.036662459373474121e-01
2.950001248717308400e+01 1.242085218429565430e+00 1.883675009012222290e-01
3.050001254677771101e+01 1.267051339149475098e+00 1.578543633222579956e-01
3.150001260638236289e+01 1.181588411331176758e+00 2.202691137790679932e-01
3.250001266598701477e+01 1.247691035270690918e+00 2.196162343025207520e-01
3.350001272559164534e+01 1.195803642272949219e+00 2.116787731647491455e-01
3.450001278519629722e+01 1.254178166389465332e+00 9.315215796232223511e-02
3.550001284480094910e+01 1.281334996223449707e+00 1.920048594474792480e-01
3.650001290440560098e+01 1.351020693778991699e+00 1.820472180843353271e-01
3.750001296401022444e+01 1.279500246047973633e+00 1.707861274480819702e-01
3.850001302361487632e+01 1.337259292602539062e+00 2.058348208665847778e-01
3.950001308321952820e+01 1.252198934555053711e+00 1.752030849456787109e-01
4.050001314282415876e+01 1.151357293128967285e+00 1.497276276350021362e-01
4.150001320242881064e+01 1.123607873916625977e+00 1.920128613710403442e-01
4.250001326203346252e+01 1.292209386825561523e+00 1.468101292848587036e-01
4.350001332163811441e+01 1.290200114250183105e+00 1.523467451333999634e-01
4.450001338124273786e+01 1.286232590675354004e+00 1.609782725572586060e-01
4.550001344084738975e+01 1.285557985305786133e+00 1.256213039159774780e-01
4.650001350045204163e+01 1.099460601806640625e+00 3.132136762142181396e-01
4.750001356005667219e+01 1.239875197410583496e+00 2.091868817806243896e-01
4.850001361966132407e+01 1.234998822212219238e+00 2.734798192977905273e-01
4.950001367926597595e+01 1.203494787216186523e+00 1.826738417148590088e-01
5.050001373887062783e+01 1.226363778114318848e+00 1.269593536853790283e-01
5.150001379847527971e+01 1.285695075988769531e+00 1.432437896728515625e-01
5.250001385807988186e+01 1.186896324157714844e+00 2.147306352853775024e-01
5.350001391768453374e+01 1.216815948486328125e+00 1.069661602377891541e-01
5.450001397728918562e+01 1.331291317939758301e+00 2.048355787992477417e-01
5.550001403689383750e+01 1.280740618705749512e+00 2.011508345603942871e-01
5.650001409649848938e+01 1.302301645278930664e+00 2.277408838272094727e-01
5.750001415610314126e+01 1.223422765731811523e+00 2.389080226421356201e-01
5.850001421570779314e+01 1.242855787277221680e+00 2.194756269454956055e-01
5.950001427531239528e+01 1.376030802726745605e+00 1.431640684604644775e-01
6.050001433491704717e+01 1.157984375953674316e+00 1.650785207748413086e-01
6.150001439452169905e+01 1.279226303100585938e+00 1.202844753861427307e-01
6.250001445412635093e+01 1.253769874572753906e+00 2.282077670097351074e-01
6.350001451373100281e+01 1.259333491325378418e+00 1.501300036907196045e-01
6.450001457333564758e+01 1.239516377449035645e+00 2.505337297916412354e-01
6.550001463294030657e+01 1.153394937515258789e+00 1.734082102775573730e-01
6.650001469254490871e+01 1.258862853050231934e+00 7.717553526163101196e-02
6.750001475214955349e+01 1.191870927810668945e+00 1.235322356224060059e-01
6.850001481175421247e+01 1.262066245079040527e+00 2.305580377578735352e-01
6.950001487135885725e+01 1.317458868026733398e+00 1.829335987567901611e-01
7.050001493096351624e+01 1.112527847290039062e+00 1.449168324470520020e-01
7.150001499056816101e+01 1.264001131057739258e+00 1.345624625682830811e-01
7.250001505017282000e+01 1.224891304969787598e+00 2.106249332427978516e-01
7.350001510977742214e+01 1.169764280319213867e+00 1.539480984210968018e-01
7.450001516938206692e+01 1.219654917716979980e+00 1.997732222080230713e-01
7.550001522898672590e+01 1.391397237777709961e+00 2.208527475595474243e-01
7.650001528859137068e+01 1.428801655769348145e+00 1.841894686222076416e-01
7.750001534819602966e+01 1.234628319740295410e+00 2.147462666034698486e-01
7.850001540780068865e+01 1.203630685806274414e+00 1.758706122636795044e-01
7.950001546740533342e+01 1.066998839378356934e+00 1.374247819185256958e-01
8.050001552700993557e+01 1.289947867393493652e+00 1.545596420764923096e-01
8.150001558661458034e+01 1.133519649505615234e+00 1.624138355255126953e-01
8.250001564621923933e+01 1.250621557235717773e+00 2.210301458835601807e-01
8.350001570582388410e+01 1.059297919273376465e+00 1.122856140136718750e-01
8.450001576542854309e+01 1.009498238563537598e+00 1.759462207555770874e-01
8.550001582503320208e+01 1.039046168327331543e+00 1.217540800571441650e-01
8.650001588463784685e+01 1.143657922744750977e+00 1.707878559827804565e-01
8.750001594424244900e+01 9.555603861808776855e-01 2.052707374095916748e-01
8.850001600384709377e+01 2.420691251754760742e-01 8.074175566434860229e-02
8.950001606345175276e+01 8.113884925842285156e-02 4.411247000098228455e-02
9.050001612305641174e+01 7.998811006546020508e-01 1.234945654869079590e-01
9.150001618266105652e+01 9.835571646690368652e-01 1.287319660186767578e-01
9.250001624226571550e+01 1.197050809860229492e+00 2.656218111515045166e-01
9.350001630187036028e+01 1.092838644981384277e+00 1.996446102857589722e-01
9.450001636147496242e+01 1.148841500282287598e+00 2.569192647933959961e-01
9.550001642107962141e+01 1.110641837120056152e+00 1.736062765121459961e-01
9.650001648068426618e+01 1.077894806861877441e+00 1.658413261175155640e-01
9.750001654028892517e+01 1.333711624145507812e+00 1.985966712236404419e-01
9.850001659989356995e+01 1.192332506179809570e+00 2.525832653045654297e-01
9.950001665949822893e+01 1.267428159713745117e+00 1.964738219976425171e-01
1.005000167191028737e+02 1.236222863197326660e+00 2.710878252983093262e-01
1.015000167787074759e+02 1.151326894760131836e+00 1.898952573537826538e-01
1.025000168383121348e+02 1.143492937088012695e+00 1.560814529657363892e-01
1.035000168979167796e+02 1.273403763771057129e+00 1.105687618255615234e-01
1.045000169575214386e+02 1.312054872512817383e+00 1.948307752609252930e-01
1.055000170171260834e+02 1.093954801559448242e+00 1.919373124837875366e-01
1.065000170767307424e+02 1.230031132698059082e+00 1.384954750537872314e-01
1.075000171363353871e+02 1.306303024291992188e+00 1.862527579069137573e-01
1.085000171959399893e+02 1.246463537216186523e+00 1.071419268846511841e-01
1.095000172555446483e+02 1.149803400039672852e+00 1.294199675321578979e-01
1.105000173151492930e+02 1.255285859107971191e+00 2.029260843992233276e-01
1.115000173747539520e+02 1.266083359718322754e+00 2.329730391502380371e-01
1.125000174343585968e+02 1.330074310302734375e+00 2.121814340353012085e-01
1.135000174939632558e+02 1.149504303932189941e+00 1.511688530445098877e-01
1.145000175535679006e+02 1.191702604293823242e+00 9.305741637945175171e-02
1.155000176131725027e+02 1.223900079727172852e+00 1.742572486400604248e-01
1.165000176727771617e+02 1.107020974159240723e+00 1.445254832506179810e-01
1.175000177323818065e+02 1.300196409225463867e+00 2.050742954015731812e-01
1.185000177919864655e+02 1.173628211021423340e+00 1.748643368482589722e-01
1.195000178515911102e+02 1.249401211738586426e+00 2.002250701189041138e-01
1.205000179111957692e+02 1.229193806648254395e+00 2.423497289419174194e-01
1.215000179708003714e+02 1.239014744758605957e+00 9.326470643281936646e-02
1.225000180304050161e+02 1.267924904823303223e+00 1.425495743751525879e-01
1.235000180900096751e+02 1.393596768379211426e+00 1.913070231676101685e-01
1.245000181496143199e+02 1.340091943740844727e+00 1.620249301195144653e-01
1.255000182092189789e+02 1.305930018424987793e+00 2.379183769226074219e-01
1.265000182688236237e+02 1.192310571670532227e+00 2.132988423109054565e-01
1.275000183284282826e+02 1.241012334823608398e+00 2.092116177082061768e-01
1.285000183880328848e+02 1.121581554412841797e+00 8.055402338504791260e-02
1.295000184476375296e+02 1.269484519958496094e+00 2.828328311443328857e-01
1.305000185072421743e+02 1.168459177017211914e+00 7.629470527172088623e-02
1.315000185668468475e+02 1.262961506843566895e+00 1.645725965499877930e-01
1.325000186264514923e+02 1.182144403457641602e+00 1.075748577713966370e-01
1.335000186860561371e+02 1.238005280494689941e+00 1.866222470998764038e-01
1.345000187456607819e+02 1.386309027671813965e+00 1.372087150812149048e-01
1.355000188052653982e+02 1.171663999557495117e+00 1.640329509973526001e-01
1.365000188648700430e+02 1.289130091667175293e+00 1.298504322767257690e-01
1.375000189244746878e+02 1.398794174194335938e+00 2.211515009403228760e-01
1.385000189840793610e+02 1.142006397247314453e+00 1.052779406309127808e-01
1.395000190436840057e+02 1.261675715446472168e+00 2.870942354202270508e-01
1.405000191032886505e+02 1.177486777305603027e+00 2.090818136930465698e-01
1.415000191628932953e+02 1.349254488945007324e+00 2.112630754709243774e-01
1.425000192224979116e+02 1.222386598587036133e+00 1.650979965925216675e-01
1.435000192821025564e+02 1.384342193603515625e+00 1.936235576868057251e-01
1.445000193417072012e+02 1.405233025550842285e+00 2.324457019567489624e-01
1.455000194013118744e+02 1.212219238281250000e+00 1.065284758806228638e-01
1.465000194609165192e+02 1.212978601455688477e+00 1.822247803211212158e-01
1.475000195205211639e+02 1.190914154052734375e+00 1.674174070358276367e-01
1.485000195801258087e+02 1.339185953140258789e+00 1.104714050889015198e-01
1.495000196397304251e+02 1.160828828811645508e+00 2.277769446372985840e-01
1.505000196993350698e+02 1.141643404960632324e+00 2.172906249761581421e-01
1.515000197589397146e+02 1.296798944473266602e+00 1.559049487113952637e-01
1.525000198185443878e+02 1.295219659805297852e+00 1.042458042502403259e-01
1.535000198781490326e+02 1.390139698982238770e+00 2.231477648019790649e-01
1.545000199377536774e+02 1.298721551895141602e+00 1.523545235395431519e-01
1.555000199973583221e+02 1.294967412948608398e+00 1.562280356884002686e-01
1.565000200569629385e+02 1.306536078453063965e+00 1.221979632973670959e-01
1.575000201165675833e+02 1.357558846473693848e+00 2.420720010995864868e-01
1.585000201761722280e+02 1.363533020019531250e+00 1.918350458145141602e-01
1.595000202357769012e+02 1.181957840919494629e+00 1.983977109193801880e-01
1.605000202953815460e+02 1.424000859260559082e+00 1.685372740030288696e-01
1.615000203549861908e+02 1.502324819564819336e+00 2.186431586742401123e-01
1.625000204145908356e+02 1.247451663017272949e+00 2.257900089025497437e-01
1.635000204741954519e+02 1.253154635429382324e+00 1.713252812623977661e-01
1.645000205338000967e+02 1.364348530769348145e+00 1.829287707805633545e-01
1.655000205934047415e+02 1.432516932487487793e+00 2.058124542236328125e-01
1.665000206530094147e+02 1.344458818435668945e+00 9.123233705759048462e-02
1.675000207126140594e+02 1.472784161567687988e+00 1.690853685140609741e-01
1.685000207722187042e+02 1.339790344238281250e+00 1.968487352132797241e-01
1.695000208318233490e+02 1.331042408943176270e+00 2.171765416860580444e-01
1.705000208914279654e+02 1.336446762084960938e+00 2.037479132413864136e-01
1.715000209510326101e+02 1.458811521530151367e+00 1.267800629138946533e-01
1.725000210106372549e+02 1.294275522232055664e+00 1.795231848955154419e-01
1.735000210702419281e+02 1.239553332328796387e+00 1.823142021894454956e-01
1.745000211298465729e+02 1.215245842933654785e+00 1.338119357824325562e-01
1.755000211894512177e+02 1.405684113502502441e+00 1.974756717681884766e-01
1.765000212490558624e+02 1.004042744636535645e+00 3.432723879814147949e-01
1.775000213086604788e+02 0.000000000000000000e+00 0.000000000000000000e+00
1.785000213682651236e+02 0.000000000000000000e+00 0.000000000000000000e+00
1.795000214278697968e+02 0.000000000000000000e+00 0.000000000000000000e+00
