gamma  mean  std
-1.794999999701976776e+02 6.529520511627197266e+00 8.637101173400878906e+00
-1.784999999105930328e+02 5.820220947265625000e+00 8.129272460937500000e+00
-1.774999998509883881e+02 6.091936588287353516e+00 8.904007911682128906e+00
-1.764999997913837433e+02 7.283947467803955078e+00 1.122929668426513672e+01
-1.754999997317790985e+02 7.434064388275146484e+00 1.117641544342041016e+01
-1.744999996721744253e+02 8.860747337341308594e+00 1.466256713867187500e+01
-1.734999996125698090e+02 7.173345088958740234e+00 1.083902263641357422e+01
-1.724999995529651642e+02 8.571799278259277344e+00 1.358163547515869141e+01
-1.714999994933605194e+02 9.414089202880859375e+00 1.505746650695800781e+01
-1.704999994337558746e+02 9.686394691467285156e+00 1.576810932159423828e+01
-1.694999993741512299e+02 1.013045406341552734e+01 1.710849571228027344e+01
-1.684999993145465851e+02 1.040785408020019531e+01 1.691612243652343750e+01
-1.674999992549419403e+02 1.243969917297363281e+01 2.101894569396972656e+01
-1.664999991953372955e+02 1.281010532379150391e+01 2.167368316650390625e+01
-1.654999991357326508e+02 1.366738033294677734e+01 2.367809104919433594e+01
-1.644999990761280060e+02 1.401272010803222656e+01 2.425811004638671875e+01
-1.634999990165233612e+02 1.394055271148681641e+01 2.423094749450683594e+01
-1.624999989569187164e+02 1.462458610534667969e+01 2.534228897094726562e+01
-1.614999988973140717e+02 1.549244880676269531e+01 2.701036834716796875e+01
-1.604999988377094269e+02 1.604403877258300781e+01 2.835635757446289062e+01
-1.594999987781047821e+02 1.709002876281738281e+01 2.966569137573242188e+01
-1.584999987185001373e+02 1.686205673217773438e+01 2.949296379089355469e+01
-1.574999986588954926e+02 1.629954338073730469e+01 2.839335632324218750e+01
-1.564999985992908478e+02 1.676920890808105469e+01 2.898897933959960938e+01
-1.554999985396862030e+02 1.727254486083984375e+01 3.064292716979980469e+01
-1.544999984800815582e+02 1.587513542175292969e+01 2.752515411376953125e+01
-1.534999984204769135e+02 1.594868659973144531e+01 2.758902549743652344e+01
-1.524999983608722687e+02 1.495978260040283203e+01 2.543548965454101562e+01
-1.514999983012676239e+02 1.550764083862304688e+01 2.705295181274414062e+01
-1.504999982416629791e+02 1.574262428283691406e+01 2.768389129638671875e+01
-1.494999981820583344e+02 1.440174198150634766e+01 2.450372123718261719e+01
-1.484999981224536896e+02 1.415462779998779297e+01 2.454360580444335938e+01
-1.474999980628490448e+02 1.367492198944091797e+01 2.320740509033203125e+01
-1.464999980032444000e+02 1.265062046051025391e+01 2.106840896606445312e+01
-1.454999979436397552e+02 1.094042778015136719e+01 1.759711456298828125e+01
-1.444999978840351105e+02 1.151669406890869141e+01 1.947020149230957031e+01
-1.434999978244304657e+02 1.052948665618896484e+01 1.732635307312011719e+01
-1.424999977648258209e+02 9.232169151306152344e+00 1.460582351684570312e+01
-1.414999977052211761e+02 9.015060424804687500e+00 1.443710327148437500e+01
-1.404999976456165314e+02 8.109401702880859375e+00 1.251798152923583984e+01
-1.394999975860118866e+02 6.757278919219970703e+00 9.705110549926757812e+00
-1.384999975264072418e+02 6.346611022949218750e+00 9.233636856079101562e+00
-1.374999974668025970e+02 5.500298023223876953e+00 7.106182098388671875e+00
-1.364999974071979523e+02 4.808797836303710938e+00 5.957509994506835938e+00
-1.354999973475933075e+02 4.245948791503906250e+00 4.897186279296875000e+00
-1.344999972879886627e+02 3.976511478424072266e+00 4.448093414306640625e+00
-1.334999972283840179e+02 4.197772026062011719e+00 4.965399742126464844e+00
-1.324999971687793732e+02 3.830336332321166992e+00 3.907231092453002930e+00
-1.314999971091747284e+02 3.365876913070678711e+00 3.062341451644897461e+00
-1.304999970495700836e+02 2.789577007293701172e+00 2.092833280563354492e+00
-1.294999969899654388e+02 2.474462747573852539e+00 1.525097727775573730e+00
-1.284999969303607941e+02 2.482547998428344727e+00 1.534702897071838379e+00
-1.274999968707561493e+02 2.232992649078369141e+00 1.182803630828857422e+00
-1.264999968111514903e+02 2.175455331802368164e+00 1.234517455101013184e+00
-1.254999967515468740e+02 2.087246894836425781e+00 1.049364089965820312e+00
-1.244999966919422150e+02 2.050636529922485352e+00 8.569082617759704590e-01
-1.234999966323375702e+02 2.159297943115234375e+00 9.158170223236083984e-01
-1.224999965727329112e+02 2.125944614410400391e+00 8.982943296432495117e-01
-1.214999965131282806e+02 2.086527585983276367e+00 8.093493580818176270e-01
-1.204999964535236359e+02 2.072426080703735352e+00 7.690646648406982422e-01
-1.194999963939190053e+02 2.367325305938720703e+00 1.253896355628967285e+00
-1.184999963343143605e+02 2.262621879577636719e+00 8.651769757270812988e-01
-1.174999962747097015e+02 2.185105800628662109e+00 9.125187993049621582e-01
-1.164999962151050568e+02 2.176248073577880859e+00 1.173596143722534180e+00
-1.154999961555003978e+02 2.134362697601318359e+00 9.936209917068481445e-01
-1.144999960958957672e+02 1.980039834976196289e+00 9.285218715667724609e-01
-1.134999960362911224e+02 2.013436794281005859e+00 9.961505532264709473e-01
-1.124999959766864777e+02 2.253690958023071289e+00 1.140664815902709961e+00
-1.114999959170818329e+02 2.434272289276123047e+00 1.585259199142456055e+00
-1.104999958574771881e+02 2.296151876449584961e+00 1.484781980514526367e+00
-1.094999957978725291e+02 2.342012643814086914e+00 1.307470202445983887e+00
-1.084999957382678986e+02 2.510570049285888672e+00 1.414204359054565430e+00
-1.074999956786632538e+02 2.131110668182373047e+00 1.349296689033508301e+00
-1.064999956190586090e+02 2.500618219375610352e+00 1.610218644142150879e+00
-1.054999955594539642e+02 2.229622125625610352e+00 1.465468049049377441e+00
-1.044999954998493195e+02 2.479956150054931641e+00 1.319435000419616699e+00
-1.034999954402446747e+02 2.285133123397827148e+00 1.341213464736938477e+00
-1.024999953806400299e+02 2.249296426773071289e+00 1.121410965919494629e+00
-1.014999953210353851e+02 2.189677238464355469e+00 1.058321833610534668e+00
-1.004999952614307404e+02 2.306650876998901367e+00 1.320902228355407715e+00
-9.949999520182609558e+01 2.631868600845336914e+00 1.594178438186645508e+00
-9.849999514222145081e+01 2.261125564575195312e+00 1.301172018051147461e+00
-9.749999508261680603e+01 2.306995153427124023e+00 1.200065732002258301e+00
-9.649999502301216125e+01 2.549452781677246094e+00 1.651070833206176758e+00
-9.549999496340751648e+01 2.155399084091186523e+00 1.310868024826049805e+00
-9.449999490380287170e+01 2.339173316955566406e+00 1.252828598022460938e+00
-9.349999484419822693e+01 2.165073871612548828e+00 1.110055565834045410e+00
-9.249999478459358215e+01 2.277494907379150391e+00 1.259757995605468750e+00
-9.149999472498893738e+01 2.245154380798339844e+00 1.011295437812805176e+00
-9.049999466538429260e+01 2.170462608337402344e+00 1.156356334686279297e+00
-8.949999460577964783e+01 2.257957696914672852e+00 1.244050502777099609e+00
-8.849999454617500305e+01 2.395147800445556641e+00 1.094335436820983887e+00
-8.749999448657035828e+01 2.318401813507080078e+00 1.162750601768493652e+00
-8.649999442696571350e+01 2.263356447219848633e+00 1.141940236091613770e+00
-8.549999436736106873e+01 2.319656372070312500e+00 1.205553293228149414e+00
-8.449999430775642395e+01 2.407373905181884766e+00 1.467213869094848633e+00
-8.349999424815177917e+01 2.534441947937011719e+00 1.669400572776794434e+00
-8.249999418854713440e+01 2.435036420822143555e+00 1.625480413436889648e+00
-8.149999412894248962e+01 2.706112146377563477e+00 2.059819459915161133e+00
-8.049999406933784485e+01 2.360017299652099609e+00 1.487883925437927246e+00
-7.949999400973320007e+01 2.333124637603759766e+00 1.394178032875061035e+00
-7.849999395012855530e+01 2.601463794708251953e+00 1.544362545013427734e+00
-7.749999389052391052e+01 2.762222051620483398e+00 1.952348589897155762e+00
-7.649999383091926575e+01 2.491829395294189453e+00 1.584155321121215820e+00
-7.549999377131462097e+01 2.843166112899780273e+00 1.991363763809204102e+00
-7.449999371170997620e+01 2.553278446197509766e+00 1.553425073623657227e+00
-7.349999365210533142e+01 2.721654653549194336e+00 1.699636936187744141e+00
-7.249999359250068665e+01 2.463305234909057617e+00 1.249613165855407715e+00
-7.149999353289604187e+01 2.455683231353759766e+00 1.379961371421813965e+00
-7.049999347329139709e+01 2.294568061828613281e+00 1.265945911407470703e+00
-6.949999341368675232e+01 2.238308191299438477e+00 1.398172140121459961e+00
-6.849999335408210754e+01 2.487812042236328125e+00 1.541398525238037109e+00
-6.749999329447746277e+01 2.415663242340087891e+00 1.118704557418823242e+00
-6.649999323487281799e+01 2.270294904708862305e+00 1.373187422752380371e+00
-6.549999317526817322e+01 2.420634269714355469e+00 1.435878038406372070e+00
-6.449999311566352844e+01 2.307803630828857422e+00 1.477568268775939941e+00
-6.349999305605889788e+01 2.345848560333251953e+00 1.278367877006530762e+00
-6.249999299645424600e+01 2.186159849166870117e+00 9.986682534217834473e-01
-6.149999293684959412e+01 2.094372272491455078e+00 1.123593926429748535e+00
-6.049999287724494224e+01 1.980701208114624023e+00 7.475768327713012695e-01
-5.949999281764031167e+01 2.191946506500244141e+00 1.087027668952941895e+00
-5.849999275803565979e+01 2.153558731079101562e+00 1.158376932144165039e+00
-5.749999269843100791e+01 1.953550457954406738e+00 7.316914796829223633e-01
-5.649999263882638445e+01 2.109695911407470703e+00 1.011188030242919922e+00
-5.549999257922173257e+01 1.898648023605346680e+00 6.322095990180969238e-01
-5.449999251961708069e+01 2.165478467941284180e+00 1.030866265296936035e+00
-5.349999246001242881e+01 2.214433908462524414e+00 1.017124056816101074e+00
-5.249999240040779824e+01 2.067501783370971680e+00 1.143391013145446777e+00
-5.149999234080314636e+01 2.429809570312500000e+00 1.552719473838806152e+00
-5.049999228119849448e+01 2.455149650573730469e+00 1.436203241348266602e+00
-4.949999222159387102e+01 2.675094842910766602e+00 1.727826356887817383e+00
-4.849999216198921914e+01 2.633634090423583984e+00 1.715594053268432617e+00
-4.749999210238456726e+01 2.757960319519042969e+00 2.024052858352661133e+00
-4.649999204277991538e+01 2.910103082656860352e+00 2.143609285354614258e+00
-4.549999198317528482e+01 3.312320470809936523e+00 3.100700855255126953e+00
-4.449999192357063293e+01 3.450206518173217773e+00 3.295571804046630859e+00
-4.349999186396598105e+01 4.370165824890136719e+00 5.434355735778808594e+00
-4.249999180436135759e+01 3.939379215240478516e+00 4.541186332702636719e+00
-4.149999174475670571e+01 3.784778594970703125e+00 4.052244663238525391e+00
-4.049999168515205383e+01 4.585658550262451172e+00 5.532258033752441406e+00
-3.949999162554740195e+01 4.791483402252197266e+00 6.132380008697509766e+00
-3.849999156594277139e+01 5.278915405273437500e+00 6.924506664276123047e+00
-3.749999150633811951e+01 5.005790233612060547e+00 6.456300258636474609e+00
-3.649999144673346763e+01 6.600637435913085938e+00 9.332005500793457031e+00
-3.549999138712884417e+01 6.861483097076416016e+00 1.009727478027343750e+01
-3.449999132752419229e+01 7.369605541229248047e+00 1.078367424011230469e+01
-3.349999126791954041e+01 7.678766250610351562e+00 1.154817295074462891e+01
-3.249999120831488852e+01 7.686964035034179688e+00 1.182424545288085938e+01
-3.149999114871025796e+01 9.034489631652832031e+00 1.431587791442871094e+01
-3.049999108910560608e+01 9.136109352111816406e+00 1.529394817352294922e+01
-2.949999102950095420e+01 9.562382698059082031e+00 1.512146091461181641e+01
-2.849999096989632719e+01 1.017508029937744141e+01 1.684377670288085938e+01
-2.749999091029167531e+01 1.147006797790527344e+01 1.922045135498046875e+01
-2.649999085068702342e+01 1.143195915222167969e+01 1.939817810058593750e+01
-2.549999079108239641e+01 1.125727653503417969e+01 1.875437355041503906e+01
-2.449999073147774453e+01 1.259019279479980469e+01 2.144517707824707031e+01
-2.349999067187309265e+01 1.219698715209960938e+01 2.052658462524414062e+01
-2.249999061226844077e+01 1.269781589508056641e+01 2.098549842834472656e+01
-2.149999055266381376e+01 1.311385250091552734e+01 2.235225486755371094e+01
-2.049999049305916188e+01 1.311249637603759766e+01 2.209671974182128906e+01
-1.949999043345451000e+01 1.380555629730224609e+01 2.319894409179687500e+01
-1.849999037384988299e+01 1.420432567596435547e+01 2.449653244018554688e+01
-1.749999031424523110e+01 1.523647117614746094e+01 2.689776039123535156e+01
-1.649999025464057922e+01 1.517282962799072266e+01 2.651516532897949219e+01
-1.549999019503592734e+01 1.452687454223632812e+01 2.520025825500488281e+01
-1.449999013543130033e+01 1.489087295532226562e+01 2.585620880126953125e+01
-1.349999007582664845e+01 1.572075366973876953e+01 2.777686309814453125e+01
-1.249999001622199657e+01 1.559444141387939453e+01 2.709496879577636719e+01
-1.149998995661736956e+01 1.571615123748779297e+01 2.704331779479980469e+01
-1.049998989701271768e+01 1.610782432556152344e+01 2.810602760314941406e+01
-9.499989837408065796e+00 1.461159610748291016e+01 2.475202751159667969e+01
-8.499989777803413915e+00 1.644240951538085938e+01 2.895244026184082031e+01
-7.499989718198786903e+00 1.604467201232910156e+01 2.831377029418945312e+01
-6.499989658594135022e+00 1.587634277343750000e+01 2.746150398254394531e+01
-5.499989598989483142e+00 1.586585140228271484e+01 2.747575759887695312e+01
-4.499989539384856130e+00 1.652916145324707031e+01 2.889801788330078125e+01
-3.499989479780204249e+00 1.641057777404785156e+01 2.811240577697753906e+01
-2.499989420175551924e+00 1.708348274230957031e+01 3.014063835144042969e+01
-1.499989360570899821e+00 1.553673648834228516e+01 2.666427612304687500e+01
-4.999893009662732535e-01 1.571419811248779297e+01 2.734401512145996094e+01
5.000107586383788494e-01 0.000000000000000000e+00 0.000000000000000000e+00
1.500010818243030952e+00 0.000000000000000000e+00 0.000000000000000000e+00
2.500010877847657742e+00 0.000000000000000000e+00 0.000000000000000000e+00
3.500010937452309623e+00 0.000000000000000000e+00 0.000000000000000000e+00
4.500010997056961948e+00 1.158474731445312500e+01 1.918677902221679688e+01
5.500011056661613829e+00 1.094095230102539062e+01 1.664584541320800781e+01
6.500011116266240840e+00 9.930513381958007812e+00 1.470488166809082031e+01
7.500011175870892721e+00 9.134746551513671875e+00 1.324907779693603516e+01
8.500011235475545490e+00 8.137462615966796875e+00 1.202763271331787109e+01
9.500011295080170726e+00 7.176541805267333984e+00 9.962642669677734375e+00
1.050001135468482261e+01 6.413047790527343750e+00 8.900857925415039062e+00
1.150001141428947626e+01 5.964011669158935547e+00 7.919370651245117188e+00
1.250001147389410150e+01 5.354009628295898438e+00 6.764542102813720703e+00
1.350001153349875338e+01 4.892721176147460938e+00 5.700714111328125000e+00
1.450001159310340704e+01 4.496554851531982422e+00 5.218544960021972656e+00
1.550001165270805892e+01 4.117966651916503906e+00 4.421156883239746094e+00
1.650001171231268415e+01 3.567386627197265625e+00 3.620915889739990234e+00
1.750001177191733603e+01 3.718236446380615234e+00 3.789057016372680664e+00
1.850001183152198792e+01 3.384195089340209961e+00 3.113674640655517578e+00
1.950001189112661493e+01 2.900882720947265625e+00 2.398436069488525391e+00
2.050001195073126681e+01 2.661447048187255859e+00 1.710387945175170898e+00
2.150001201033591869e+01 2.526469945907592773e+00 1.732176423072814941e+00
2.250001206994057057e+01 2.491551399230957031e+00 1.335530877113342285e+00
2.350001212954519758e+01 2.147430896759033203e+00 1.007006645202636719e+00
2.450001218914984946e+01 2.477710247039794922e+00 1.242624163627624512e+00
2.550001224875450134e+01 2.213577747344970703e+00 8.749914765357971191e-01
2.650001230835912835e+01 2.103481769561767578e+00 8.323757648468017578e-01
2.750001236796378024e+01 1.998832225799560547e+00 6.473854184150695801e-01
2.850001242756843212e+01 2.169182062149047852e+00 7.572585940361022949e-01
2.950001248717308400e+01 2.080847978591918945e+00 8.209568262100219727e-01
3.050001254677771101e+01 2.114267110824584961e+00 7.608525156974792480e-01
3.150001260638236289e+01 2.214175224304199219e+00 1.115040302276611328e+00
3.250001266598701477e+01 1.928832888603210449e+00 8.267682790756225586e-01
3.350001272559164534e+01 2.178441762924194336e+00 9.331010580062866211e-01
3.450001278519629722e+01 2.244849205017089844e+00 9.137665629386901855e-01
3.550001284480094910e+01 2.129845619201660156e+00 8.796430826187133789e-01
3.650001290440560098e+01 2.058144569396972656e+00 7.495138645172119141e-01
3.750001296401022444e+01 2.131565093994140625e+00 1.110049605369567871e+00
3.850001302361487632e+01 2.303037643432617188e+00 1.422158122062683105e+00
3.950001308321952820e+01 2.386566400527954102e+00 1.373432040214538574e+00
4.050001314282415876e+01 2.173294544219970703e+00 1.006453633308410645e+00
4.150001320242881064e+01 2.213647603988647461e+00 1.371910572052001953e+00
4.250001326203346252e+01 2.221744298934936523e+00 1.159778118133544922e+00
4.350001332163811441e+01 2.441258907318115234e+00 1.397638916969299316e+00
4.450001338124273786e+01 2.385651350021362305e+00 1.452856898307800293e+00
4.550001344084738975e+01 2.321702480316162109e+00 1.372082352638244629e+00
4.650001350045204163e+01 2.567328214645385742e+00 1.692352890968322754e+00
4.750001356005667219e+01 2.381541967391967773e+00 1.665624737739562988e+00
4.850001361966132407e+01 2.646063327789306641e+00 1.902714014053344727e+00
4.950001367926597595e+01 2.935608386993408203e+00 2.437693357467651367e+00
5.050001373887062783e+01 2.574956178665161133e+00 1.802750349044799805e+00
5.150001379847527971e+01 2.814956903457641602e+00 2.018916368484497070e+00
5.250001385807988186e+01 2.553943872451782227e+00 1.853812098503112793e+00
5.350001391768453374e+01 2.836716651916503906e+00 1.914001464843750000e+00
5.450001397728918562e+01 2.572795629501342773e+00 2.044028759002685547e+00
5.550001403689383750e+01 2.506813287734985352e+00 1.760096311569213867e+00
5.650001409649848938e+01 2.552160978317260742e+00 1.730935096740722656e+00
5.750001415610314126e+01 2.578978061676025391e+00 1.391506552696228027e+00
5.850001421570779314e+01 2.491779565811157227e+00 1.674477815628051758e+00
5.950001427531239528e+01 2.363869190216064453e+00 1.332038521766662598e+00
6.050001433491704717e+01 2.392453908920288086e+00 1.453021645545959473e+00
6.150001439452169905e+01 2.308293342590332031e+00 1.295383095741271973e+00
6.250001445412635093e+01 2.349274635314941406e+00 1.306879281997680664e+00
6.350001451373100281e+01 2.085210561752319336e+00 1.046164751052856445e+00
6.450001457333564758e+01 1.984254598617553711e+00 8.637446165084838867e-01
6.550001463294030657e+01 2.367028951644897461e+00 1.416256904602050781e+00
6.650001469254490871e+01 2.099058866500854492e+00 1.161702871322631836e+00
6.750001475214955349e+01 2.235279321670532227e+00 1.395701408386230469e+00
6.850001481175421247e+01 2.269617319107055664e+00 1.351675629615783691e+00
6.950001487135885725e+01 2.223004817962646484e+00 1.126294374465942383e+00
7.050001493096351624e+01 1.971094846725463867e+00 8.396528959274291992e-01
7.150001499056816101e+01 1.926605343818664551e+00 7.701965570449829102e-01
7.250001505017282000e+01 1.920032978057861328e+00 8.715887665748596191e-01
7.350001510977742214e+01 1.942040801048278809e+00 6.172776222229003906e-01
7.450001516938206692e+01 2.141946554183959961e+00 1.291441082954406738e+00
7.550001522898672590e+01 2.160012722015380859e+00 9.454928636550903320e-01
7.650001528859137068e+01 1.912753224372863770e+00 5.942437052726745605e-01
7.750001534819602966e+01 1.911567211151123047e+00 7.468961477279663086e-01
7.850001540780068865e+01 1.922419786453247070e+00 9.044710397720336914e-01
7.950001546740533342e+01 2.053883790969848633e+00 8.301497697830200195e-01
8.050001552700993557e+01 2.145023345947265625e+00 1.182485580444335938e+00
8.150001558661458034e+01 2.011814117431640625e+00 8.243421912193298340e-01
8.250001564621923933e+01 1.929935455322265625e+00 8.462674617767333984e-01
8.350001570582388410e+01 1.844308614730834961e+00 1.105489969253540039e+00
8.450001576542854309e+01 1.752949357032775879e+00 8.185537457466125488e-01
8.550001582503320208e+01 1.842625856399536133e+00 9.601715207099914551e-01
8.650001588463784685e+01 1.904511570930480957e+00 8.280531764030456543e-01
8.750001594424244900e+01 1.475415587425231934e+00 7.039377689361572266e-01
8.850001600384709377e+01 9.829385578632354736e-02 4.948502406477928162e-02
8.950001606345175276e+01 1.232832521200180054e-01 8.645078539848327637e-02
9.050001612305641174e+01 1.009858131408691406e+00 5.149819850921630859e-01
9.150001618266105652e+01 1.853203296661376953e+00 1.016680598258972168e+00
9.250001624226571550e+01 1.688856959342956543e+00 1.002123594284057617e+00
9.350001630187036028e+01 1.937311887741088867e+00 7.746313214302062988e-01
9.450001636147496242e+01 2.006139278411865234e+00 1.232967853546142578e+00
9.550001642107962141e+01 2.204108715057373047e+00 1.262186527252197266e+00
9.650001648068426618e+01 2.541998624801635742e+00 2.093058347702026367e+00
9.750001654028892517e+01 2.616472005844116211e+00 2.239972829818725586e+00
9.850001659989356995e+01 2.551402091979980469e+00 2.159018278121948242e+00
9.950001665949822893e+01 2.714534759521484375e+00 2.319296121597290039e+00
1.005000167191028737e+02 2.975884914398193359e+00 2.768742561340332031e+00
1.015000167787074759e+02 3.152773380279541016e+00 3.185593366622924805e+00
1.025000168383121348e+02 3.186023712158203125e+00 3.312477827072143555e+00
1.035000168979167796e+02 3.500729084014892578e+00 3.713945388793945312e+00
1.045000169575214386e+02 4.215958118438720703e+00 5.146321773529052734e+00
1.055000170171260834e+02 4.950078964233398438e+00 6.627723693847656250e+00
1.065000170767307424e+02 4.928441047668457031e+00 6.500756263732910156e+00
1.075000171363353871e+02 5.505577564239501953e+00 7.585004329681396484e+00
1.085000171959399893e+02 6.585657119750976562e+00 9.776161193847656250e+00
1.095000172555446483e+02 5.951580524444580078e+00 8.432313919067382812e+00
1.105000173151492930e+02 7.170382499694824219e+00 1.016826248168945312e+01
1.115000173747539520e+02 8.486090660095214844e+00 1.329316043853759766e+01
1.125000174343585968e+02 9.042263031005859375e+00 1.406821823120117188e+01
1.135000174939632558e+02 1.098422336578369141e+01 1.786808586120605469e+01
1.145000175535679006e+02 1.200312805175781250e+01 2.034993362426757812e+01
1.155000176131725027e+02 1.195980930328369141e+01 2.008116531372070312e+01
1.165000176727771617e+02 1.314051437377929688e+01 2.248039627075195312e+01
1.175000177323818065e+02 1.548530673980712891e+01 2.676762008666992188e+01
1.185000177919864655e+02 1.758757591247558594e+01 3.078329277038574219e+01
1.195000178515911102e+02 1.900434875488281250e+01 3.366974639892578125e+01
1.205000179111957692e+02 1.910753250122070312e+01 3.304393386840820312e+01
1.215000179708003714e+02 1.949905014038085938e+01 3.489570236206054688e+01
1.225000180304050161e+02 2.064164352416992188e+01 3.645167541503906250e+01
1.235000180900096751e+02 2.180003929138183594e+01 3.862208557128906250e+01
1.245000181496143199e+02 2.066566276550292969e+01 3.680747604370117188e+01
1.255000182092189789e+02 2.124626350402832031e+01 3.805437088012695312e+01
1.265000182688236237e+02 2.152893829345703125e+01 3.839535140991210938e+01
1.275000183284282826e+02 2.125865745544433594e+01 3.875132751464843750e+01
1.285000183880328848e+02 1.876128768920898438e+01 3.321548843383789062e+01
1.295000184476375296e+02 1.716576004028320312e+01 2.963048744201660156e+01
1.305000185072421743e+02 1.579242038726806641e+01 2.658070564270019531e+01
1.315000185668468475e+02 1.459391880035400391e+01 2.523539161682128906e+01
1.325000186264514923e+02 1.343502616882324219e+01 2.269190216064453125e+01
1.335000186860561371e+02 1.159791088104248047e+01 1.923632240295410156e+01
1.345000187456607819e+02 9.970861434936523438e+00 1.631771469116210938e+01
1.355000188052653982e+02 8.590881347656250000e+00 1.324615669250488281e+01
1.365000188648700430e+02 7.797601699829101562e+00 1.217529201507568359e+01
1.375000189244746878e+02 6.598825931549072266e+00 9.687814712524414062e+00
1.385000189840793610e+02 5.592008113861083984e+00 7.705305576324462891e+00
1.395000190436840057e+02 4.753671646118164062e+00 6.316781044006347656e+00
1.405000191032886505e+02 4.281682968139648438e+00 5.283378124237060547e+00
1.415000191628932953e+02 3.520488977432250977e+00 3.692047595977783203e+00
1.425000192224979116e+02 3.343646764755249023e+00 3.373595237731933594e+00
1.435000192821025564e+02 3.029502868652343750e+00 2.833296060562133789e+00
1.445000193417072012e+02 3.061994791030883789e+00 2.691147327423095703e+00
1.455000194013118744e+02 2.872547388076782227e+00 2.463655710220336914e+00
1.465000194609165192e+02 2.656387805938720703e+00 2.171369314193725586e+00
1.475000195205211639e+02 2.555897951126098633e+00 1.643157839775085449e+00
1.485000195801258087e+02 2.485278129577636719e+00 1.652171254158020020e+00
1.495000196397304251e+02 2.643353700637817383e+00 1.923845887184143066e+00
1.505000196993350698e+02 2.361526489257812500e+00 1.719633102416992188e+00
1.515000197589397146e+02 2.403516530990600586e+00 1.855128049850463867e+00
1.525000198185443878e+02 2.058616876602172852e+00 1.208915710449218750e+00
1.535000198781490326e+02 2.186328649520874023e+00 1.496687054634094238e+00
1.545000199377536774e+02 2.304001331329345703e+00 1.473747134208679199e+00
1.555000199973583221e+02 2.289546012878417969e+00 1.432399988174438477e+00
1.565000200569629385e+02 2.126026153564453125e+00 1.136243224143981934e+00
1.575000201165675833e+02 2.179435253143310547e+00 1.163969397544860840e+00
1.585000201761722280e+02 2.239270925521850586e+00 1.252830862998962402e+00
1.595000202357769012e+02 2.209641456604003906e+00 1.307238340377807617e+00
1.605000202953815460e+02 2.355510234832763672e+00 1.703335046768188477e+00
1.615000203549861908e+02 2.456464529037475586e+00 1.911974787712097168e+00
1.625000204145908356e+02 2.354191541671752930e+00 1.479320287704467773e+00
1.635000204741954519e+02 2.623757362365722656e+00 2.028408527374267578e+00
1.645000205338000967e+02 2.865815401077270508e+00 2.585683584213256836e+00
1.655000205934047415e+02 2.698705196380615234e+00 2.152034759521484375e+00
1.665000206530094147e+02 2.651632070541381836e+00 2.285171747207641602e+00
1.675000207126140594e+02 2.657105684280395508e+00 2.243114471435546875e+00
1.685000207722187042e+02 2.780263423919677734e+00 2.291170597076416016e+00
1.695000208318233490e+02 2.842438220977783203e+00 2.600098371505737305e+00
1.705000208914279654e+02 3.122980356216430664e+00 2.867195367813110352e+00
1.715000209510326101e+02 2.856312751770019531e+00 2.686253070831298828e+00
1.725000210106372549e+02 3.177823543548583984e+00 3.122138261795043945e+00
1.735000210702419281e+02 3.728631496429443359e+00 4.311278820037841797e+00
1.745000211298465729e+02 4.044148445129394531e+00 4.815258979797363281e+00
1.755000211894512177e+02 3.602504491806030273e+00 3.932026863098144531e+00
1.765000212490558624e+02 0.000000000000000000e+00 0.000000000000000000e+00
1.775000213086604788e+02 0.000000000000000000e+00 0.000000000000000000e+00
1.785000213682651236e+02 0.000000000000000000e+00 0.000000000000000000e+00
1.795000214278697968e+02 0.000000000000000000e+00 0.000000000000000000e+00
