gamma  mean  std
-1.794999999701976776e+02 0.000000000000000000e+00 0.000000000000000000e+00
-1.784999999105930328e+02 2.612268209457397461e+00 4.612280726432800293e-01
-1.774999998509883881e+02 2.694683074951171875e+00 4.331538975238800049e-01
-1.764999997913837433e+02 2.543432950973510742e+00 3.702734410762786865e-01
-1.754999997317790985e+02 2.620495080947875977e+00 3.626620769500732422e-01
-1.744999996721744253e+02 2.444370031356811523e+00 5.053964853286743164e-01
-1.734999996125698090e+02 2.491586446762084961e+00 5.704824924468994141e-01
-1.724999995529651642e+02 2.601028919219970703e+00 3.966903388500213623e-01
-1.714999994933605194e+02 2.476895332336425781e+00 3.454682230949401855e-01
-1.704999994337558746e+02 2.644571781158447266e+00 5.330502986907958984e-01
-1.694999993741512299e+02 2.338818073272705078e+00 2.631016373634338379e-01
-1.684999993145465851e+02 2.363312482833862305e+00 3.910008072853088379e-01
-1.674999992549419403e+02 2.554702997207641602e+00 3.294487893581390381e-01
-1.664999991953372955e+02 2.626864910125732422e+00 5.017260909080505371e-01
-1.654999991357326508e+02 2.540538787841796875e+00 3.789772987365722656e-01
-1.644999990761280060e+02 2.499333858489990234e+00 5.515308976173400879e-01
-1.634999990165233612e+02 2.605142354965209961e+00 5.922254323959350586e-01
-1.624999989569187164e+02 2.557667970657348633e+00 3.629734516143798828e-01
-1.614999988973140717e+02 2.540743112564086914e+00 4.836930632591247559e-01
-1.604999988377094269e+02 2.575509309768676758e+00 4.336560964584350586e-01
-1.594999987781047821e+02 2.634125232696533203e+00 5.732236504554748535e-01
-1.584999987185001373e+02 2.636678218841552734e+00 4.668709933757781982e-01
-1.574999986588954926e+02 2.522472620010375977e+00 4.848294854164123535e-01
-1.564999985992908478e+02 2.685534238815307617e+00 4.799979627132415771e-01
-1.554999985396862030e+02 2.523335456848144531e+00 3.773563504219055176e-01
-1.544999984800815582e+02 2.615637302398681641e+00 4.115532338619232178e-01
-1.534999984204769135e+02 2.542664766311645508e+00 3.543573021888732910e-01
-1.524999983608722687e+02 2.442564249038696289e+00 4.199987351894378662e-01
-1.514999983012676239e+02 2.614246845245361328e+00 5.086207985877990723e-01
-1.504999982416629791e+02 2.700057983398437500e+00 6.394770145416259766e-01
-1.494999981820583344e+02 2.458791971206665039e+00 5.181499123573303223e-01
-1.484999981224536896e+02 2.584420919418334961e+00 6.038581728935241699e-01
-1.474999980628490448e+02 2.642626762390136719e+00 5.675131678581237793e-01
-1.464999980032444000e+02 2.716819524765014648e+00 6.373978853225708008e-01
-1.454999979436397552e+02 2.483827352523803711e+00 4.802369475364685059e-01
-1.444999978840351105e+02 2.797028779983520508e+00 7.942082881927490234e-01
-1.434999978244304657e+02 2.607077360153198242e+00 7.007956504821777344e-01
-1.424999977648258209e+02 2.666834592819213867e+00 7.815664410591125488e-01
-1.414999977052211761e+02 2.709109783172607422e+00 8.222558498382568359e-01
-1.404999976456165314e+02 2.780684471130371094e+00 6.088571548461914062e-01
-1.394999975860118866e+02 2.977912425994873047e+00 1.093342065811157227e+00
-1.384999975264072418e+02 2.744487524032592773e+00 8.011358976364135742e-01
-1.374999974668025970e+02 2.821879148483276367e+00 6.915152668952941895e-01
-1.364999974071979523e+02 2.829283475875854492e+00 1.102673053741455078e+00
-1.354999973475933075e+02 3.082680225372314453e+00 1.056351661682128906e+00
-1.344999972879886627e+02 2.829641580581665039e+00 1.015475749969482422e+00
-1.334999972283840179e+02 3.153419494628906250e+00 1.154827356338500977e+00
-1.324999971687793732e+02 3.088647603988647461e+00 1.035014986991882324e+00
-1.314999971091747284e+02 3.068723917007446289e+00 1.424513459205627441e+00
-1.304999970495700836e+02 3.422093868255615234e+00 1.672125935554504395e+00
-1.294999969899654388e+02 3.285707235336303711e+00 1.603767633438110352e+00
-1.284999969303607941e+02 3.499210119247436523e+00 1.953641772270202637e+00
-1.274999968707561493e+02 3.343317270278930664e+00 2.008215665817260742e+00
-1.264999968111514903e+02 3.364444494247436523e+00 2.130372047424316406e+00
-1.254999967515468740e+02 3.431374788284301758e+00 2.320250511169433594e+00
-1.244999966919422150e+02 3.670949220657348633e+00 2.295338869094848633e+00
-1.234999966323375702e+02 3.836468696594238281e+00 2.733415842056274414e+00
-1.224999965727329112e+02 3.880343437194824219e+00 2.721663475036621094e+00
-1.214999965131282806e+02 3.817495584487915039e+00 2.538129329681396484e+00
-1.204999964535236359e+02 3.785768032073974609e+00 2.927485466003417969e+00
-1.194999963939190053e+02 3.941322326660156250e+00 2.891728162765502930e+00
-1.184999963343143605e+02 3.796733379364013672e+00 2.890788078308105469e+00
-1.174999962747097015e+02 3.713058471679687500e+00 2.630708217620849609e+00
-1.164999962151050568e+02 3.929736137390136719e+00 2.822709798812866211e+00
-1.154999961555003978e+02 3.873031139373779297e+00 3.113561153411865234e+00
-1.144999960958957672e+02 3.631962060928344727e+00 2.834013700485229492e+00
-1.134999960362911224e+02 3.530796051025390625e+00 2.401801109313964844e+00
-1.124999959766864777e+02 3.409740686416625977e+00 2.321378231048583984e+00
-1.114999959170818329e+02 3.589046239852905273e+00 2.339797973632812500e+00
-1.104999958574771881e+02 3.124522924423217773e+00 1.712308526039123535e+00
-1.094999957978725291e+02 3.353323698043823242e+00 2.218891382217407227e+00
-1.084999957382678986e+02 3.069862365722656250e+00 1.992468595504760742e+00
-1.074999956786632538e+02 3.127223014831542969e+00 2.086102724075317383e+00
-1.064999956190586090e+02 3.108657836914062500e+00 1.569644331932067871e+00
-1.054999955594539642e+02 2.644361257553100586e+00 1.186776041984558105e+00
-1.044999954998493195e+02 2.804745674133300781e+00 1.206751108169555664e+00
-1.034999954402446747e+02 2.454446554183959961e+00 7.025610208511352539e-01
-1.024999953806400299e+02 2.458261251449584961e+00 8.504656553268432617e-01
-1.014999953210353851e+02 2.437161922454833984e+00 6.778679490089416504e-01
-1.004999952614307404e+02 2.377471923828125000e+00 6.844467520713806152e-01
-9.949999520182609558e+01 2.208027839660644531e+00 5.008901357650756836e-01
-9.849999514222145081e+01 2.360210180282592773e+00 5.091015696525573730e-01
-9.749999508261680603e+01 2.378625392913818359e+00 4.881636500358581543e-01
-9.649999502301216125e+01 2.306318521499633789e+00 5.062677860260009766e-01
-9.549999496340751648e+01 2.114191770553588867e+00 3.970611691474914551e-01
-9.449999490380287170e+01 2.108291864395141602e+00 2.600506246089935303e-01
-9.349999484419822693e+01 1.974565982818603516e+00 3.117465078830718994e-01
-9.249999478459358215e+01 2.180668354034423828e+00 2.945708036422729492e-01
-9.149999472498893738e+01 2.058440208435058594e+00 3.602812588214874268e-01
-9.049999466538429260e+01 1.976343035697937012e+00 2.617937028408050537e-01
-8.949999460577964783e+01 1.759567975997924805e+00 3.696472942829132080e-01
-8.849999454617500305e+01 1.922987580299377441e+00 3.493288755416870117e-01
-8.749999448657035828e+01 1.884398818016052246e+00 2.780816555023193359e-01
-8.649999442696571350e+01 1.977150201797485352e+00 3.277878165245056152e-01
-8.549999436736106873e+01 1.867149233818054199e+00 2.864814996719360352e-01
-8.449999430775642395e+01 1.891069650650024414e+00 3.017690479755401611e-01
-8.349999424815177917e+01 1.840460896492004395e+00 2.319547533988952637e-01
-8.249999418854713440e+01 1.882043838500976562e+00 3.599188327789306641e-01
-8.149999412894248962e+01 2.095333099365234375e+00 3.251259028911590576e-01
-8.049999406933784485e+01 2.060236930847167969e+00 2.884790897369384766e-01
-7.949999400973320007e+01 1.937189579010009766e+00 2.126020640134811401e-01
-7.849999395012855530e+01 1.944324493408203125e+00 2.755173146724700928e-01
-7.749999389052391052e+01 1.961347699165344238e+00 2.691127657890319824e-01
-7.649999383091926575e+01 2.126823902130126953e+00 3.204760253429412842e-01
-7.549999377131462097e+01 1.988662958145141602e+00 3.354885280132293701e-01
-7.449999371170997620e+01 1.914224743843078613e+00 2.915777564048767090e-01
-7.349999365210533142e+01 2.070926666259765625e+00 3.218893110752105713e-01
-7.249999359250068665e+01 1.990713715553283691e+00 1.708085536956787109e-01
-7.149999353289604187e+01 1.979438543319702148e+00 2.239164113998413086e-01
-7.049999347329139709e+01 2.159096240997314453e+00 3.517997860908508301e-01
-6.949999341368675232e+01 1.884456753730773926e+00 2.784994244575500488e-01
-6.849999335408210754e+01 1.925521373748779297e+00 3.416392803192138672e-01
-6.749999329447746277e+01 2.063963890075683594e+00 3.942136764526367188e-01
-6.649999323487281799e+01 1.980721354484558105e+00 2.733542025089263916e-01
-6.549999317526817322e+01 2.027984857559204102e+00 2.905265092849731445e-01
-6.449999311566352844e+01 2.111499786376953125e+00 3.332395255565643311e-01
-6.349999305605889788e+01 1.851599931716918945e+00 3.211859464645385742e-01
-6.249999299645424600e+01 1.870357751846313477e+00 3.182874023914337158e-01
-6.149999293684959412e+01 1.899375915527343750e+00 2.650698721408843994e-01
-6.049999287724494224e+01 1.898717880249023438e+00 2.434581965208053589e-01
-5.949999281764031167e+01 1.785188078880310059e+00 1.950353682041168213e-01
-5.849999275803565979e+01 1.960396409034729004e+00 3.587132394313812256e-01
-5.749999269843100791e+01 1.872531414031982422e+00 2.319158166646957397e-01
-5.649999263882638445e+01 1.910463094711303711e+00 2.234734594821929932e-01
-5.549999257922173257e+01 1.997630953788757324e+00 3.584388792514801025e-01
-5.449999251961708069e+01 2.033211231231689453e+00 2.299891561269760132e-01
-5.349999246001242881e+01 1.870218157768249512e+00 3.221347332000732422e-01
-5.249999240040779824e+01 1.917428374290466309e+00 3.135796487331390381e-01
-5.149999234080314636e+01 2.039912223815917969e+00 1.435140222311019897e-01
-5.049999228119849448e+01 2.179316043853759766e+00 3.071627616882324219e-01
-4.949999222159387102e+01 2.143613576889038086e+00 3.674287199974060059e-01
-4.849999216198921914e+01 2.243117809295654297e+00 3.685516715049743652e-01
-4.749999210238456726e+01 1.985703945159912109e+00 4.225796461105346680e-01
-4.649999204277991538e+01 2.085588693618774414e+00 3.252622187137603760e-01
-4.549999198317528482e+01 2.253275871276855469e+00 3.756808042526245117e-01
-4.449999192357063293e+01 2.345736980438232422e+00 3.283575773239135742e-01
-4.349999186396598105e+01 2.062350034713745117e+00 4.265113472938537598e-01
-4.249999180436135759e+01 2.409254074096679688e+00 5.557002425193786621e-01
-4.149999174475670571e+01 2.363007545471191406e+00 6.216058731079101562e-01
-4.049999168515205383e+01 2.358108758926391602e+00 5.121641755104064941e-01
-3.949999162554740195e+01 2.365350246429443359e+00 6.710428595542907715e-01
-3.849999156594277139e+01 2.178758144378662109e+00 7.163672447204589844e-01
-3.749999150633811951e+01 2.434601068496704102e+00 6.139565110206604004e-01
-3.649999144673346763e+01 2.630127429962158203e+00 8.131104707717895508e-01
-3.549999138712884417e+01 2.644807338714599609e+00 1.213309764862060547e+00
-3.449999132752419229e+01 2.655934810638427734e+00 1.291435956954956055e+00
-3.349999126791954041e+01 2.801572322845458984e+00 1.148564100265502930e+00
-3.249999120831488852e+01 2.837122678756713867e+00 1.516052246093750000e+00
-3.149999114871025796e+01 2.773493051528930664e+00 1.060400366783142090e+00
-3.049999108910560608e+01 2.900230884552001953e+00 1.517074704170227051e+00
-2.949999102950095420e+01 3.011333942413330078e+00 1.492560625076293945e+00
-2.849999096989632719e+01 3.291429996490478516e+00 2.020528793334960938e+00
-2.749999091029167531e+01 3.087354898452758789e+00 1.647022962570190430e+00
-2.649999085068702342e+01 3.510663270950317383e+00 2.012042045593261719e+00
-2.549999079108239641e+01 3.393890857696533203e+00 2.324696540832519531e+00
-2.449999073147774453e+01 3.429229736328125000e+00 2.038593053817749023e+00
-2.349999067187309265e+01 3.311656475067138672e+00 1.882793664932250977e+00
-2.249999061226844077e+01 3.412194490432739258e+00 1.920096755027770996e+00
-2.149999055266381376e+01 3.515259981155395508e+00 2.169723033905029297e+00
-2.049999049305916188e+01 3.425233602523803711e+00 1.906486272811889648e+00
-1.949999043345451000e+01 3.627291679382324219e+00 2.693536758422851562e+00
-1.849999037384988299e+01 3.826666355133056641e+00 2.448606491088867188e+00
-1.749999031424523110e+01 3.535352468490600586e+00 2.303523302078247070e+00
-1.649999025464057922e+01 3.269528388977050781e+00 2.263274908065795898e+00
-1.549999019503592734e+01 3.599699735641479492e+00 2.673681735992431641e+00
-1.449999013543130033e+01 3.617674589157104492e+00 2.354479789733886719e+00
-1.349999007582664845e+01 3.909295797348022461e+00 2.868293046951293945e+00
-1.249999001622199657e+01 3.900356531143188477e+00 2.675092935562133789e+00
-1.149998995661736956e+01 3.896393775939941406e+00 2.768356084823608398e+00
-1.049998989701271768e+01 3.869895458221435547e+00 2.766868352890014648e+00
-9.499989837408065796e+00 3.859818696975708008e+00 2.949218273162841797e+00
-8.499989777803413915e+00 3.864427089691162109e+00 2.682367801666259766e+00
-7.499989718198786903e+00 4.099448680877685547e+00 2.884641885757446289e+00
-6.499989658594135022e+00 3.894023656845092773e+00 2.826968431472778320e+00
-5.499989598989483142e+00 4.064913749694824219e+00 2.787683010101318359e+00
-4.499989539384856130e+00 3.997307062149047852e+00 2.738613843917846680e+00
-3.499989479780204249e+00 3.649534463882446289e+00 2.625369787216186523e+00
-2.499989420175551924e+00 3.918984651565551758e+00 2.668909311294555664e+00
-1.499989360570899821e+00 3.901691913604736328e+00 2.812970161437988281e+00
-4.999893009662732535e-01 0.000000000000000000e+00 0.000000000000000000e+00
5.000107586383788494e-01 0.000000000000000000e+00 0.000000000000000000e+00
1.500010818243030952e+00 0.000000000000000000e+00 0.000000000000000000e+00
2.500010877847657742e+00 0.000000000000000000e+00 0.000000000000000000e+00
3.500010937452309623e+00 0.000000000000000000e+00 0.000000000000000000e+00
4.500010997056961948e+00 0.000000000000000000e+00 0.000000000000000000e+00
5.500011056661613829e+00 2.207678079605102539e+00 3.642728567123413086e+00
6.500011116266240840e+00 4.128909587860107422e+00 3.190996646881103516e+00
7.500011175870892721e+00 4.066460609436035156e+00 3.192397594451904297e+00
8.500011235475545490e+00 3.967552185058593750e+00 3.103492021560668945e+00
9.500011295080170726e+00 3.991399049758911133e+00 2.743882417678833008e+00
1.050001135468482261e+01 3.773350954055786133e+00 2.923848628997802734e+00
1.150001141428947626e+01 4.005895614624023438e+00 2.855295419692993164e+00
1.250001147389410150e+01 4.132269859313964844e+00 3.240660190582275391e+00
1.350001153349875338e+01 4.037405967712402344e+00 3.024719238281250000e+00
1.450001159310340704e+01 3.892885446548461914e+00 2.655244588851928711e+00
1.550001165270805892e+01 3.762625694274902344e+00 2.631973743438720703e+00
1.650001171231268415e+01 3.780865669250488281e+00 2.785749673843383789e+00
1.750001177191733603e+01 3.984935998916625977e+00 3.120091438293457031e+00
1.850001183152198792e+01 3.755677938461303711e+00 2.529963731765747070e+00
1.950001189112661493e+01 3.621373414993286133e+00 2.579596042633056641e+00
2.050001195073126681e+01 3.488166332244873047e+00 2.474854946136474609e+00
2.150001201033591869e+01 3.430327415466308594e+00 2.072010278701782227e+00
2.250001206994057057e+01 3.408519744873046875e+00 2.196823120117187500e+00
2.350001212954519758e+01 3.375634908676147461e+00 2.199200630187988281e+00
2.450001218914984946e+01 3.415808439254760742e+00 2.095535039901733398e+00
2.550001224875450134e+01 3.390141487121582031e+00 2.237970590591430664e+00
2.650001230835912835e+01 3.175440311431884766e+00 1.523695707321166992e+00
2.750001236796378024e+01 3.209386110305786133e+00 1.811697363853454590e+00
2.850001242756843212e+01 3.123443126678466797e+00 1.788974046707153320e+00
2.950001248717308400e+01 3.181696414947509766e+00 1.980445623397827148e+00
3.050001254677771101e+01 3.093302011489868164e+00 1.661625146865844727e+00
3.150001260638236289e+01 2.850885868072509766e+00 1.529994249343872070e+00
3.250001266598701477e+01 2.821092844009399414e+00 1.194218873977661133e+00
3.350001272559164534e+01 2.997092723846435547e+00 1.349841117858886719e+00
3.450001278519629722e+01 3.063384532928466797e+00 1.389477729797363281e+00
3.550001284480094910e+01 2.894264221191406250e+00 1.422506213188171387e+00
3.650001290440560098e+01 2.856505393981933594e+00 1.335534572601318359e+00
3.750001296401022444e+01 2.848645925521850586e+00 1.523759484291076660e+00
3.850001302361487632e+01 2.686700344085693359e+00 1.372062444686889648e+00
3.950001308321952820e+01 2.786982297897338867e+00 1.283409595489501953e+00
4.050001314282415876e+01 2.731643915176391602e+00 1.210934162139892578e+00
4.150001320242881064e+01 2.762221097946166992e+00 1.133689522743225098e+00
4.250001326203346252e+01 2.410413265228271484e+00 7.449893355369567871e-01
4.350001332163811441e+01 2.533714294433593750e+00 9.423624873161315918e-01
4.450001338124273786e+01 2.687209606170654297e+00 1.213023900985717773e+00
4.550001344084738975e+01 2.791866779327392578e+00 9.838072657585144043e-01
4.650001350045204163e+01 2.468578338623046875e+00 9.947778582572937012e-01
4.750001356005667219e+01 2.404608726501464844e+00 7.053256630897521973e-01
4.850001361966132407e+01 2.488664150238037109e+00 5.776729583740234375e-01
4.950001367926597595e+01 2.500479221343994141e+00 8.194656968116760254e-01
5.050001373887062783e+01 2.539160728454589844e+00 6.294453740119934082e-01
5.150001379847527971e+01 2.486568689346313477e+00 8.187795877456665039e-01
5.250001385807988186e+01 2.476663351058959961e+00 7.815416455268859863e-01
5.350001391768453374e+01 2.285175085067749023e+00 5.074643492698669434e-01
5.450001397728918562e+01 2.268244504928588867e+00 4.847739338874816895e-01
5.550001403689383750e+01 2.331158399581909180e+00 4.980246126651763916e-01
5.650001409649848938e+01 2.423245191574096680e+00 5.826467871665954590e-01
5.750001415610314126e+01 2.127375602722167969e+00 5.539510250091552734e-01
5.850001421570779314e+01 2.068889617919921875e+00 4.467714726924896240e-01
5.950001427531239528e+01 2.277632236480712891e+00 2.806666791439056396e-01
6.050001433491704717e+01 2.191439628601074219e+00 4.982178211212158203e-01
6.150001439452169905e+01 2.215884208679199219e+00 4.425534307956695557e-01
6.250001445412635093e+01 2.158040285110473633e+00 2.492643445730209351e-01
6.350001451373100281e+01 2.243826389312744141e+00 3.524737954139709473e-01
6.450001457333564758e+01 1.993413925170898438e+00 2.988891601562500000e-01
6.550001463294030657e+01 1.775180816650390625e+00 3.549587726593017578e-01
6.650001469254490871e+01 2.026852369308471680e+00 3.465334475040435791e-01
6.750001475214955349e+01 2.175536155700683594e+00 2.840623259544372559e-01
6.850001481175421247e+01 2.272896766662597656e+00 4.055983126163482666e-01
6.950001487135885725e+01 2.001588344573974609e+00 4.139367341995239258e-01
7.050001493096351624e+01 2.130672216415405273e+00 4.722941219806671143e-01
7.150001499056816101e+01 2.265017986297607422e+00 2.885694205760955811e-01
7.250001505017282000e+01 2.015603542327880859e+00 2.446541041135787964e-01
7.350001510977742214e+01 2.271160840988159180e+00 3.538587987422943115e-01
7.450001516938206692e+01 2.109545946121215820e+00 3.466243445873260498e-01
7.550001522898672590e+01 2.306729316711425781e+00 2.601829171180725098e-01
7.650001528859137068e+01 2.156763553619384766e+00 2.539618909358978271e-01
7.750001534819602966e+01 2.278171300888061523e+00 1.655587852001190186e-01
7.850001540780068865e+01 2.031807422637939453e+00 3.849392235279083252e-01
7.950001546740533342e+01 2.375149250030517578e+00 3.179265260696411133e-01
8.050001552700993557e+01 2.291229248046875000e+00 3.181855678558349609e-01
8.150001558661458034e+01 2.242755174636840820e+00 3.262836933135986328e-01
8.250001564621923933e+01 2.163259029388427734e+00 3.316496312618255615e-01
8.350001570582388410e+01 2.030101537704467773e+00 2.043861746788024902e-01
8.450001576542854309e+01 1.949382662773132324e+00 2.669331729412078857e-01
8.550001582503320208e+01 1.946335554122924805e+00 2.802863121032714844e-01
8.650001588463784685e+01 1.892463803291320801e+00 2.823803424835205078e-01
8.750001594424244900e+01 8.440376520156860352e-01 3.057182729244232178e-01
8.850001600384709377e+01 7.657364010810852051e-02 5.344239249825477600e-02
8.950001606345175276e+01 9.630635380744934082e-02 9.329637885093688965e-02
9.050001612305641174e+01 4.083366096019744873e-01 2.307875156402587891e-01
9.150001618266105652e+01 2.146600961685180664e+00 3.171611130237579346e-01
9.250001624226571550e+01 2.086306095123291016e+00 2.842284739017486572e-01
9.350001630187036028e+01 2.055301904678344727e+00 2.683989405632019043e-01
9.450001636147496242e+01 2.075853586196899414e+00 2.900317311286926270e-01
9.550001642107962141e+01 2.105080127716064453e+00 3.348547220230102539e-01
9.650001648068426618e+01 2.315997600555419922e+00 3.824963569641113281e-01
9.750001654028892517e+01 2.187896490097045898e+00 3.222934007644653320e-01
9.850001659989356995e+01 2.326281547546386719e+00 3.787469565868377686e-01
9.950001665949822893e+01 2.156080961227416992e+00 4.235481619834899902e-01
1.005000167191028737e+02 2.253156185150146484e+00 3.440537750720977783e-01
1.015000167787074759e+02 2.249078512191772461e+00 4.869739115238189697e-01
1.025000168383121348e+02 2.508139371871948242e+00 4.741995036602020264e-01
1.035000168979167796e+02 2.538053750991821289e+00 6.881664991378784180e-01
1.045000169575214386e+02 2.440040349960327148e+00 6.864873766899108887e-01
1.055000170171260834e+02 2.485121011734008789e+00 6.093698740005493164e-01
1.065000170767307424e+02 2.507764339447021484e+00 5.158729553222656250e-01
1.075000171363353871e+02 2.757042169570922852e+00 7.343837618827819824e-01
1.085000171959399893e+02 2.687912225723266602e+00 7.201836705207824707e-01
1.095000172555446483e+02 2.800602912902832031e+00 8.230877518653869629e-01
1.105000173151492930e+02 2.914546966552734375e+00 9.382207989692687988e-01
1.115000173747539520e+02 2.998556613922119141e+00 1.408904075622558594e+00
1.125000174343585968e+02 2.927607536315917969e+00 1.152138113975524902e+00
1.135000174939632558e+02 3.049099206924438477e+00 1.547444581985473633e+00
1.145000175535679006e+02 3.477092266082763672e+00 1.874595522880554199e+00
1.155000176131725027e+02 3.340533733367919922e+00 1.608085393905639648e+00
1.165000176727771617e+02 3.507557153701782227e+00 2.178286790847778320e+00
1.175000177323818065e+02 3.698528528213500977e+00 2.334420919418334961e+00
1.185000177919864655e+02 3.687030315399169922e+00 2.135911464691162109e+00
1.195000178515911102e+02 4.049357414245605469e+00 2.856810331344604492e+00
1.205000179111957692e+02 3.993403911590576172e+00 2.777081489562988281e+00
1.215000179708003714e+02 3.844719409942626953e+00 3.051996469497680664e+00
1.225000180304050161e+02 4.522624492645263672e+00 3.571751832962036133e+00
1.235000180900096751e+02 4.501504898071289062e+00 3.661488056182861328e+00
1.245000181496143199e+02 4.390105724334716797e+00 3.938934803009033203e+00
1.255000182092189789e+02 4.604375839233398438e+00 3.873343706130981445e+00
1.265000182688236237e+02 4.864585399627685547e+00 4.214223384857177734e+00
1.275000183284282826e+02 4.551676750183105469e+00 3.825795888900756836e+00
1.285000183880328848e+02 4.760853290557861328e+00 3.988015174865722656e+00
1.295000184476375296e+02 4.513675212860107422e+00 3.967113018035888672e+00
1.305000185072421743e+02 4.135684013366699219e+00 3.457274198532104492e+00
1.315000185668468475e+02 4.016822338104248047e+00 2.934651374816894531e+00
1.325000186264514923e+02 4.029881954193115234e+00 2.633385181427001953e+00
1.335000186860561371e+02 3.739180326461791992e+00 2.336401939392089844e+00
1.345000187456607819e+02 3.863408565521240234e+00 2.588489770889282227e+00
1.355000188052653982e+02 3.553057432174682617e+00 2.484870433807373047e+00
1.365000188648700430e+02 3.490344047546386719e+00 1.974510550498962402e+00
1.375000189244746878e+02 3.386158227920532227e+00 1.764884114265441895e+00
1.385000189840793610e+02 3.188855171203613281e+00 1.343585371971130371e+00
1.395000190436840057e+02 3.108426094055175781e+00 1.551349639892578125e+00
1.405000191032886505e+02 3.119968175888061523e+00 1.205972552299499512e+00
1.415000191628932953e+02 3.093295574188232422e+00 1.334315299987792969e+00
1.425000192224979116e+02 2.849193572998046875e+00 1.178504228591918945e+00
1.435000192821025564e+02 2.797181367874145508e+00 8.043022155761718750e-01
1.445000193417072012e+02 2.881212711334228516e+00 7.990731596946716309e-01
1.455000194013118744e+02 2.838546991348266602e+00 8.514040112495422363e-01
1.465000194609165192e+02 2.604014158248901367e+00 5.822668671607971191e-01
1.475000195205211639e+02 2.807883024215698242e+00 5.855998396873474121e-01
1.485000195801258087e+02 4.451540946960449219e+00 6.310030460357666016e+00
1.495000196397304251e+02 2.838189840316772461e+00 8.838155269622802734e-01
1.505000196993350698e+02 2.692108154296875000e+00 5.315436124801635742e-01
1.515000197589397146e+02 2.558755159378051758e+00 5.705731511116027832e-01
1.525000198185443878e+02 2.859508991241455078e+00 6.407752037048339844e-01
1.535000198781490326e+02 2.581069707870483398e+00 4.456694424152374268e-01
1.545000199377536774e+02 2.588905572891235352e+00 5.454168915748596191e-01
1.555000199973583221e+02 2.718906879425048828e+00 6.636255979537963867e-01
1.565000200569629385e+02 2.625156402587890625e+00 5.989631414413452148e-01
1.575000201165675833e+02 2.737488031387329102e+00 5.382938385009765625e-01
1.585000201761722280e+02 2.560428619384765625e+00 5.547652840614318848e-01
1.595000202357769012e+02 2.722779512405395508e+00 6.193608641624450684e-01
1.605000202953815460e+02 2.644405364990234375e+00 3.157278597354888916e-01
1.615000203549861908e+02 2.558129787445068359e+00 3.717885613441467285e-01
1.625000204145908356e+02 2.567616939544677734e+00 3.711403608322143555e-01
1.635000204741954519e+02 2.566662311553955078e+00 4.140670895576477051e-01
1.645000205338000967e+02 2.643411397933959961e+00 3.111115992069244385e-01
1.655000205934047415e+02 2.446211099624633789e+00 3.567938804626464844e-01
1.665000206530094147e+02 2.573448657989501953e+00 4.132540524005889893e-01
1.675000207126140594e+02 2.630189180374145508e+00 3.237344622611999512e-01
1.685000207722187042e+02 2.664307832717895508e+00 5.790361762046813965e-01
1.695000208318233490e+02 2.547359228134155273e+00 3.784764707088470459e-01
1.705000208914279654e+02 2.443753719329833984e+00 3.407063782215118408e-01
1.715000209510326101e+02 2.636378288269042969e+00 5.898259282112121582e-01
1.725000210106372549e+02 2.553646326065063477e+00 3.535344898700714111e-01
1.735000210702419281e+02 2.492441415786743164e+00 5.118064880371093750e-01
1.745000211298465729e+02 9.900307059288024902e-01 1.677094221115112305e+00
1.755000211894512177e+02 0.000000000000000000e+00 0.000000000000000000e+00
1.765000212490558624e+02 0.000000000000000000e+00 0.000000000000000000e+00
1.775000213086604788e+02 0.000000000000000000e+00 0.000000000000000000e+00
1.785000213682651236e+02 0.000000000000000000e+00 0.000000000000000000e+00
1.795000214278697968e+02 0.000000000000000000e+00 0.000000000000000000e+00
