gamma  mean  std
-1.794999999701976776e+02 0.000000000000000000e+00 0.000000000000000000e+00
-1.784999999105930328e+02 6.158666610717773438e+01 5.028764724731445312e+00
-1.774999998509883881e+02 5.952829742431640625e+01 2.958058118820190430e+00
-1.764999997913837433e+02 5.860648345947265625e+01 3.853033781051635742e+00
-1.754999997317790985e+02 5.760131072998046875e+01 2.922917604446411133e+00
-1.744999996721744253e+02 5.747132110595703125e+01 2.379030227661132812e+00
-1.734999996125698090e+02 5.845532989501953125e+01 1.973216295242309570e+00
-1.724999995529651642e+02 5.775897979736328125e+01 2.435382127761840820e+00
-1.714999994933605194e+02 5.782798767089843750e+01 2.877434253692626953e+00
-1.704999994337558746e+02 5.950697326660156250e+01 3.567866802215576172e+00
-1.694999993741512299e+02 6.016223907470703125e+01 3.696401834487915039e+00
-1.684999993145465851e+02 6.073050308227539062e+01 4.545261859893798828e+00
-1.674999992549419403e+02 6.334822082519531250e+01 5.680973529815673828e+00
-1.664999991953372955e+02 6.558694458007812500e+01 8.875247001647949219e+00
-1.654999991357326508e+02 6.660048675537109375e+01 8.244997978210449219e+00
-1.644999990761280060e+02 6.565281677246093750e+01 6.465926647186279297e+00
-1.634999990165233612e+02 6.240630722045898438e+01 3.299154996871948242e+00
-1.624999989569187164e+02 6.151999282836914062e+01 2.310800790786743164e+00
-1.614999988973140717e+02 5.979531097412109375e+01 1.325575351715087891e+00
-1.604999988377094269e+02 6.023394775390625000e+01 2.320825338363647461e+00
-1.594999987781047821e+02 6.105541992187500000e+01 2.754596948623657227e+00
-1.584999987185001373e+02 6.413832092285156250e+01 4.517767906188964844e+00
-1.574999986588954926e+02 6.600511169433593750e+01 7.748162269592285156e+00
-1.564999985992908478e+02 6.612823486328125000e+01 6.028370380401611328e+00
-1.554999985396862030e+02 6.331349563598632812e+01 4.867109298706054688e+00
-1.544999984800815582e+02 6.244873046875000000e+01 3.260362148284912109e+00
-1.534999984204769135e+02 6.126984024047851562e+01 2.980048656463623047e+00
-1.524999983608722687e+02 6.116313171386718750e+01 1.946518898010253906e+00
-1.514999983012676239e+02 6.060670471191406250e+01 2.367277383804321289e+00
-1.504999982416629791e+02 6.239022064208984375e+01 2.795533418655395508e+00
-1.494999981820583344e+02 6.111098098754882812e+01 3.471266746520996094e+00
-1.484999981224536896e+02 6.154929733276367188e+01 3.387267351150512695e+00
-1.474999980628490448e+02 6.168475341796875000e+01 2.414919376373291016e+00
-1.464999980032444000e+02 6.098804092407226562e+01 1.799380779266357422e+00
-1.454999979436397552e+02 6.229994583129882812e+01 2.997202873229980469e+00
-1.444999978840351105e+02 6.348888397216796875e+01 2.648125886917114258e+00
-1.434999978244304657e+02 6.554357147216796875e+01 5.896396636962890625e+00
-1.424999977648258209e+02 6.547632598876953125e+01 2.574576377868652344e+00
-1.414999977052211761e+02 6.845644378662109375e+01 1.961534619331359863e+00
-1.404999976456165314e+02 7.156383514404296875e+01 3.803844213485717773e+00
-1.394999975860118866e+02 7.794833374023437500e+01 6.633418083190917969e+00
-1.384999975264072418e+02 8.959346008300781250e+01 1.661813545227050781e+01
-1.374999974668025970e+02 1.030039215087890625e+02 3.111526107788085938e+01
-1.364999974071979523e+02 1.061802978515625000e+02 3.957401657104492188e+01
-1.354999973475933075e+02 9.336973571777343750e+01 2.392727088928222656e+01
-1.344999972879886627e+02 8.444803619384765625e+01 1.109172916412353516e+01
-1.334999972283840179e+02 7.974136352539062500e+01 8.574275016784667969e+00
-1.324999971687793732e+02 7.835892486572265625e+01 5.754215240478515625e+00
-1.314999971091747284e+02 7.686811828613281250e+01 7.253263473510742188e+00
-1.304999970495700836e+02 7.859169769287109375e+01 8.467473030090332031e+00
-1.294999969899654388e+02 8.488851928710937500e+01 1.297394371032714844e+01
-1.284999969303607941e+02 9.670012664794921875e+01 2.414719009399414062e+01
-1.274999968707561493e+02 1.159462127685546875e+02 4.114200592041015625e+01
-1.264999968111514903e+02 1.301835021972656250e+02 4.953407287597656250e+01
-1.254999967515468740e+02 1.287886810302734375e+02 4.665538024902343750e+01
-1.244999966919422150e+02 1.293539123535156250e+02 5.127790832519531250e+01
-1.234999966323375702e+02 1.240137176513671875e+02 5.322672653198242188e+01
-1.224999965727329112e+02 1.057764816284179688e+02 3.721569442749023438e+01
-1.214999965131282806e+02 8.833167266845703125e+01 2.532931327819824219e+01
-1.204999964535236359e+02 7.805802917480468750e+01 1.748226737976074219e+01
-1.194999963939190053e+02 7.221625518798828125e+01 1.548757266998291016e+01
-1.184999963343143605e+02 7.068846130371093750e+01 1.587697505950927734e+01
-1.174999962747097015e+02 6.597834777832031250e+01 1.201960659027099609e+01
-1.164999962151050568e+02 5.938578796386718750e+01 6.839616775512695312e+00
-1.154999961555003978e+02 5.608919143676757812e+01 4.695884704589843750e+00
-1.144999960958957672e+02 5.378190231323242188e+01 4.416635513305664062e+00
-1.134999960362911224e+02 5.382592010498046875e+01 4.567592144012451172e+00
-1.124999959766864777e+02 5.332833480834960938e+01 4.252493381500244141e+00
-1.114999959170818329e+02 5.381266784667968750e+01 5.062808513641357422e+00
-1.104999958574771881e+02 5.289482879638671875e+01 5.227329254150390625e+00
-1.094999957978725291e+02 5.268545913696289062e+01 4.851778507232666016e+00
-1.084999957382678986e+02 5.336867904663085938e+01 4.157581329345703125e+00
-1.074999956786632538e+02 5.282438659667968750e+01 4.097636222839355469e+00
-1.064999956190586090e+02 5.257788085937500000e+01 4.720865249633789062e+00
-1.054999955594539642e+02 5.234569549560546875e+01 3.964592933654785156e+00
-1.044999954998493195e+02 5.237295150756835938e+01 4.880321502685546875e+00
-1.034999954402446747e+02 5.228426742553710938e+01 4.436452388763427734e+00
-1.024999953806400299e+02 5.276583099365234375e+01 3.685404777526855469e+00
-1.014999953210353851e+02 5.497810363769531250e+01 4.400567054748535156e+00
-1.004999952614307404e+02 5.524274063110351562e+01 5.260763645172119141e+00
-9.949999520182609558e+01 5.961808395385742188e+01 8.583576202392578125e+00
-9.849999514222145081e+01 6.747679138183593750e+01 1.527098655700683594e+01
-9.749999508261680603e+01 7.961740112304687500e+01 3.238650894165039062e+01
-9.649999502301216125e+01 9.521066284179687500e+01 5.008031845092773438e+01
-9.549999496340751648e+01 9.432582092285156250e+01 4.818714523315429688e+01
-9.449999490380287170e+01 7.838063049316406250e+01 2.940214157104492188e+01
-9.349999484419822693e+01 6.523287200927734375e+01 1.239429283142089844e+01
-9.249999478459358215e+01 5.776080703735351562e+01 4.849320411682128906e+00
-9.149999472498893738e+01 5.451015090942382812e+01 1.749478578567504883e+00
-9.049999466538429260e+01 5.094956207275390625e+01 1.781227469444274902e+00
-8.949999460577964783e+01 4.395908355712890625e+01 1.828550577163696289e+00
-8.849999454617500305e+01 4.796079254150390625e+01 1.737289071083068848e+00
-8.749999448657035828e+01 4.672612762451171875e+01 1.897517085075378418e+00
-8.649999442696571350e+01 4.642354583740234375e+01 2.125568866729736328e+00
-8.549999436736106873e+01 4.626025772094726562e+01 2.055979013442993164e+00
-8.449999430775642395e+01 4.492175292968750000e+01 2.151624202728271484e+00
-8.349999424815177917e+01 4.483644485473632812e+01 2.348432302474975586e+00
-8.249999418854713440e+01 4.491195297241210938e+01 2.075886487960815430e+00
-8.149999412894248962e+01 4.582714080810546875e+01 1.784335613250732422e+00
-8.049999406933784485e+01 4.608917999267578125e+01 1.091170072555541992e+00
-7.949999400973320007e+01 4.531066513061523438e+01 1.921585083007812500e+00
-7.849999395012855530e+01 4.559031295776367188e+01 1.489230990409851074e+00
-7.749999389052391052e+01 4.606221389770507812e+01 2.152598857879638672e+00
-7.649999383091926575e+01 4.581855773925781250e+01 2.298743724822998047e+00
-7.549999377131462097e+01 4.566045761108398438e+01 2.422863960266113281e+00
-7.449999371170997620e+01 4.554333877563476562e+01 1.850304603576660156e+00
-7.349999365210533142e+01 4.686773681640625000e+01 2.406528949737548828e+00
-7.249999359250068665e+01 4.644187164306640625e+01 2.512984275817871094e+00
-7.149999353289604187e+01 4.778350830078125000e+01 1.709713697433471680e+00
-7.049999347329139709e+01 4.864393997192382812e+01 2.273007392883300781e+00
-6.949999341368675232e+01 5.025545883178710938e+01 2.327834129333496094e+00
-6.849999335408210754e+01 5.366257095336914062e+01 4.337762355804443359e+00
-6.749999329447746277e+01 5.732680130004882812e+01 6.436560153961181641e+00
-6.649999323487281799e+01 6.473788452148437500e+01 1.080234909057617188e+01
-6.549999317526817322e+01 8.050926208496093750e+01 3.965873336791992188e+01
-6.449999311566352844e+01 8.233544158935546875e+01 2.303136253356933594e+01
-6.349999305605889788e+01 7.302814941406250000e+02 1.468907470703125000e+03
-6.249999299645424600e+01 6.138792480468750000e+03 1.393939843750000000e+04
-6.149999293684959412e+01 1.492444915771484375e+02 1.190723342895507812e+02
-6.049999287724494224e+01 1.057003936767578125e+02 5.502755355834960938e+01
-5.949999281764031167e+01 7.307563781738281250e+01 1.729120254516601562e+01
-5.849999275803565979e+01 5.888544082641601562e+01 6.147590637207031250e+00
-5.749999269843100791e+01 5.406320571899414062e+01 3.426889657974243164e+00
-5.649999263882638445e+01 5.252479553222656250e+01 2.764112472534179688e+00
-5.549999257922173257e+01 5.138449859619140625e+01 2.483479976654052734e+00
-5.449999251961708069e+01 5.073847961425781250e+01 2.801743984222412109e+00
-5.349999246001242881e+01 4.982019805908203125e+01 2.544254779815673828e+00
-5.249999240040779824e+01 4.967804718017578125e+01 1.721414089202880859e+00
-5.149999234080314636e+01 4.977392959594726562e+01 3.003323554992675781e+00
-5.049999228119849448e+01 6.043821716308593750e+01 9.825757980346679688e+00
-4.949999222159387102e+01 5.214800262451171875e+01 4.191363811492919922e+00
-4.849999216198921914e+01 5.177556610107421875e+01 3.900916099548339844e+00
-4.749999210238456726e+01 5.362036514282226562e+01 5.189726829528808594e+00
-4.649999204277991538e+01 5.367096328735351562e+01 5.514811992645263672e+00
-4.549999198317528482e+01 5.185278320312500000e+01 3.418166637420654297e+00
-4.449999192357063293e+01 5.078809356689453125e+01 2.504314661026000977e+00
-4.349999186396598105e+01 5.013102340698242188e+01 1.294551372528076172e+00
-4.249999180436135759e+01 5.093400192260742188e+01 1.457092285156250000e+00
-4.149999174475670571e+01 5.093790435791015625e+01 2.052083015441894531e+00
-4.049999168515205383e+01 5.343485641479492188e+01 2.994210958480834961e+00
-3.949999162554740195e+01 5.581438446044921875e+01 2.835884094238281250e+00
-3.849999156594277139e+01 6.136795425415039062e+01 8.009961128234863281e+00
-3.749999150633811951e+01 7.041080474853515625e+01 1.611744499206542969e+01
-3.649999144673346763e+01 7.935583496093750000e+01 2.807128715515136719e+01
-3.549999138712884417e+01 8.103563690185546875e+01 2.750146865844726562e+01
-3.449999132752419229e+01 7.651797485351562500e+01 1.878498840332031250e+01
-3.349999126791954041e+01 6.872620391845703125e+01 1.030185890197753906e+01
-3.249999120831488852e+01 6.207562255859375000e+01 4.239424228668212891e+00
-3.149999114871025796e+01 5.904257583618164062e+01 3.641276836395263672e+00
-3.049999108910560608e+01 6.088872909545898438e+01 4.989100933074951172e+00
-2.949999102950095420e+01 6.799665069580078125e+01 1.277729320526123047e+01
-2.849999096989632719e+01 9.046310424804687500e+01 3.392390823364257812e+01
-2.749999091029167531e+01 1.412990112304687500e+02 9.401142120361328125e+01
-2.649999085068702342e+01 1.988833160400390625e+02 1.664462738037109375e+02
-2.549999079108239641e+01 1.835897064208984375e+02 1.465243225097656250e+02
-2.449999073147774453e+01 1.262735214233398438e+02 7.382752990722656250e+01
-2.349999067187309265e+01 9.679187774658203125e+01 4.228476333618164062e+01
-2.249999061226844077e+01 8.142936706542968750e+01 3.007838439941406250e+01
-2.149999055266381376e+01 6.543062591552734375e+01 1.660932922363281250e+01
-2.049999049305916188e+01 5.569498825073242188e+01 8.049628257751464844e+00
-1.949999043345451000e+01 5.169632720947265625e+01 4.825195312500000000e+00
-1.849999037384988299e+01 4.930207061767578125e+01 2.495488166809082031e+00
-1.749999031424523110e+01 4.951289749145507812e+01 3.058847904205322266e+00
-1.649999025464057922e+01 4.676738739013671875e+01 2.982572793960571289e+00
-1.549999019503592734e+01 4.619888687133789062e+01 2.299856901168823242e+00
-1.449999013543130033e+01 4.539309310913085938e+01 2.359750032424926758e+00
-1.349999007582664845e+01 4.417252731323242188e+01 2.117403745651245117e+00
-1.249999001622199657e+01 4.467608642578125000e+01 1.930329322814941406e+00
-1.149998995661736956e+01 4.455710983276367188e+01 2.024458408355712891e+00
-1.049998989701271768e+01 4.394196319580078125e+01 1.869029402732849121e+00
-9.499989837408065796e+00 4.384073638916015625e+01 2.167423009872436523e+00
-8.499989777803413915e+00 4.669988632202148438e+01 4.658970355987548828e+00
-7.499989718198786903e+00 4.546277236938476562e+01 1.718183875083923340e+00
-6.499989658594135022e+00 4.562742614746093750e+01 1.236749649047851562e+00
-5.499989598989483142e+00 4.661838150024414062e+01 1.460904002189636230e+00
-4.499989539384856130e+00 4.925476837158203125e+01 4.673283576965332031e+00
-3.499989479780204249e+00 5.183699798583984375e+01 6.667346954345703125e+00
-2.499989420175551924e+00 5.363140487670898438e+01 6.894556999206542969e+00
-1.499989360570899821e+00 5.063766860961914062e+01 4.725491523742675781e+00
-4.999893009662732535e-01 0.000000000000000000e+00 0.000000000000000000e+00
5.000107586383788494e-01 0.000000000000000000e+00 0.000000000000000000e+00
1.500010818243030952e+00 0.000000000000000000e+00 0.000000000000000000e+00
2.500010877847657742e+00 0.000000000000000000e+00 0.000000000000000000e+00
3.500010937452309623e+00 0.000000000000000000e+00 0.000000000000000000e+00
4.500010997056961948e+00 0.000000000000000000e+00 0.000000000000000000e+00
5.500011056661613829e+00 1.371507930755615234e+01 2.061716842651367188e+01
6.500011116266240840e+00 5.357372665405273438e+01 9.759221076965332031e+00
7.500011175870892721e+00 6.362353515625000000e+01 2.000956916809082031e+01
8.500011235475545490e+00 8.669023895263671875e+01 4.635022354125976562e+01
9.500011295080170726e+00 1.139261322021484375e+02 8.079913330078125000e+01
1.050001135468482261e+01 1.064710159301757812e+02 7.182686614990234375e+01
1.150001141428947626e+01 7.298871612548828125e+01 2.794641304016113281e+01
1.250001147389410150e+01 5.502662658691406250e+01 7.903920173645019531e+00
1.350001153349875338e+01 4.906562042236328125e+01 3.249325513839721680e+00
1.450001159310340704e+01 4.687186050415039062e+01 1.870418429374694824e+00
1.550001165270805892e+01 4.707043075561523438e+01 1.281922101974487305e+00
1.650001171231268415e+01 4.731584167480468750e+01 1.062791705131530762e+00
1.750001177191733603e+01 4.772694778442382812e+01 2.718743801116943359e+00
1.850001183152198792e+01 4.737064743041992188e+01 1.443152785301208496e+00
1.950001189112661493e+01 4.861594009399414062e+01 1.446408867835998535e+00
2.050001195073126681e+01 4.973854064941406250e+01 1.840015888214111328e+00
2.150001201033591869e+01 5.108371734619140625e+01 2.018210411071777344e+00
2.250001206994057057e+01 5.301549530029296875e+01 2.122560262680053711e+00
2.350001212954519758e+01 5.431827163696289062e+01 2.798905611038208008e+00
2.450001218914984946e+01 5.587010192871093750e+01 3.838326215744018555e+00
2.550001224875450134e+01 5.856163024902343750e+01 4.061553001403808594e+00
2.650001230835912835e+01 5.820133972167968750e+01 4.581316947937011719e+00
2.750001236796378024e+01 5.911848449707031250e+01 4.492128372192382812e+00
2.850001242756843212e+01 5.642462539672851562e+01 3.954196453094482422e+00
2.950001248717308400e+01 5.397631072998046875e+01 3.651312828063964844e+00
3.050001254677771101e+01 5.384636688232421875e+01 3.827449083328247070e+00
3.150001260638236289e+01 6.003647232055664062e+01 1.410918807983398438e+01
3.250001266598701477e+01 5.474633026123046875e+01 2.925961256027221680e+00
3.350001272559164534e+01 5.602507019042968750e+01 6.877021312713623047e+00
3.450001278519629722e+01 6.204004669189453125e+01 1.328082466125488281e+01
3.550001284480094910e+01 6.450824737548828125e+01 1.796418380737304688e+01
3.650001290440560098e+01 5.879850006103515625e+01 1.142776870727539062e+01
3.750001296401022444e+01 5.180145263671875000e+01 3.163516521453857422e+00
3.850001302361487632e+01 5.163712692260742188e+01 2.278524160385131836e+00
3.950001308321952820e+01 5.411797714233398438e+01 4.740180492401123047e+00
4.050001314282415876e+01 5.293701934814453125e+01 3.071777343750000000e+00
4.150001320242881064e+01 5.138749313354492188e+01 1.828287363052368164e+00
4.250001326203346252e+01 5.231808853149414062e+01 1.676280140876770020e+00
4.350001332163811441e+01 5.593152236938476562e+01 8.518915176391601562e+00
4.450001338124273786e+01 5.519079971313476562e+01 3.723778963088989258e+00
4.550001344084738975e+01 5.480950546264648438e+01 3.672277212142944336e+00
4.650001350045204163e+01 5.728940582275390625e+01 4.429325580596923828e+00
4.750001356005667219e+01 5.743577194213867188e+01 6.315967082977294922e+00
4.850001361966132407e+01 2.785328979492187500e+02 5.272940063476562500e+02
4.950001367926597595e+01 1.011718368530273438e+02 1.084049224853515625e+02
5.050001373887062783e+01 5.567873001098632812e+01 5.315884590148925781e+00
5.150001379847527971e+01 5.247938537597656250e+01 2.732100009918212891e+00
5.250001385807988186e+01 5.181273651123046875e+01 1.576264142990112305e+00
5.350001391768453374e+01 5.065317153930664062e+01 1.321603417396545410e+00
5.450001397728918562e+01 4.915538024902343750e+01 1.877991795539855957e+00
5.550001403689383750e+01 4.780635452270507812e+01 1.278600096702575684e+00
5.650001409649848938e+01 4.691925048828125000e+01 1.035467267036437988e+00
5.750001415610314126e+01 5.909759521484375000e+01 2.641971015930175781e+01
5.850001421570779314e+01 5.474096679687500000e+01 1.967559623718261719e+01
5.950001427531239528e+01 4.625373840332031250e+01 1.879589915275573730e+00
6.050001433491704717e+01 4.641769027709960938e+01 2.373729705810546875e+00
6.150001439452169905e+01 4.644126892089843750e+01 1.678196191787719727e+00
6.250001445412635093e+01 4.712112045288085938e+01 2.626079559326171875e+00
6.350001451373100281e+01 4.631997299194335938e+01 1.744770646095275879e+00
6.450001457333564758e+01 4.637823867797851562e+01 2.698022365570068359e+00
6.550001463294030657e+01 4.712006378173828125e+01 2.635873794555664062e+00
6.650001469254490871e+01 4.812250518798828125e+01 2.211337566375732422e+00
6.750001475214955349e+01 4.907068252563476562e+01 2.177970170974731445e+00
6.850001481175421247e+01 5.038642883300781250e+01 3.358945608139038086e+00
6.950001487135885725e+01 5.647047424316406250e+01 9.921663284301757812e+00
7.050001493096351624e+01 5.294638824462890625e+01 2.307033061981201172e+00
7.150001499056816101e+01 5.375787353515625000e+01 2.083753585815429688e+00
7.250001505017282000e+01 5.676692199707031250e+01 2.060384750366210938e+00
7.350001510977742214e+01 6.126342010498046875e+01 4.924735546112060547e+00
7.450001516938206692e+01 7.353739929199218750e+01 1.523121643066406250e+01
7.550001522898672590e+01 1.127919387817382812e+02 6.155587768554687500e+01
7.650001528859137068e+01 3.177851867675781250e+02 2.732234191894531250e+02
7.750001534819602966e+01 1.650140747070312500e+03 2.465609375000000000e+03
7.850001540780068865e+01 8.695897460937500000e+03 2.028456640625000000e+04
7.950001546740533342e+01 9.958536529541015625e+01 4.722097778320312500e+01
8.050001552700993557e+01 7.246253204345703125e+01 1.339231109619140625e+01
8.150001558661458034e+01 6.874999237060546875e+01 8.395973205566406250e+00
8.250001564621923933e+01 6.939087677001953125e+01 8.395770072937011719e+00
8.350001570582388410e+01 7.551439666748046875e+01 1.518799591064453125e+01
8.450001576542854309e+01 1.048026046752929688e+02 4.548155593872070312e+01
8.550001582503320208e+01 2.138620605468750000e+02 1.902052307128906250e+02
8.650001588463784685e+01 6.715061645507812500e+02 7.895801391601562500e+02
8.750001594424244900e+01 1.513312683105468750e+02 1.768839874267578125e+02
8.850001600384709377e+01 1.411348462104797363e+00 2.537087500095367432e-01
8.950001606345175276e+01 1.440897464752197266e+00 3.120037019252777100e-01
9.050001612305641174e+01 1.094768238067626953e+01 3.949792146682739258e+00
9.150001618266105652e+01 5.673932647705078125e+01 5.857441425323486328e+00
9.250001624226571550e+01 5.436468124389648438e+01 3.569239139556884766e+00
9.350001630187036028e+01 5.266752243041992188e+01 2.858371496200561523e+00
9.450001636147496242e+01 5.509755325317382812e+01 2.606028556823730469e+00
9.550001642107962141e+01 5.665404510498046875e+01 3.156032085418701172e+00
9.650001648068426618e+01 5.636220932006835938e+01 3.107742071151733398e+00
9.750001654028892517e+01 5.767112731933593750e+01 3.068078756332397461e+00
9.850001659989356995e+01 5.991590881347656250e+01 4.933385372161865234e+00
9.950001665949822893e+01 6.643106842041015625e+01 9.842425346374511719e+00
1.005000167191028737e+02 7.718049621582031250e+01 2.012143898010253906e+01
1.015000167787074759e+02 1.105377273559570312e+02 6.606309509277343750e+01
1.025000168383121348e+02 2.069881896972656250e+02 2.084723052978515625e+02
1.035000168979167796e+02 3.014811401367187500e+02 3.108676757812500000e+02
1.045000169575214386e+02 1.501544342041015625e+02 1.023251876831054688e+02
1.055000170171260834e+02 9.296519470214843750e+01 2.989400100708007812e+01
1.065000170767307424e+02 7.402289581298828125e+01 9.592978477478027344e+00
1.075000171363353871e+02 7.051992797851562500e+01 6.090154170989990234e+00
1.085000171959399893e+02 6.687998962402343750e+01 4.886150836944580078e+00
1.095000172555446483e+02 6.874838256835937500e+01 4.600278854370117188e+00
1.105000173151492930e+02 7.079386901855468750e+01 5.659941196441650391e+00
1.115000173747539520e+02 7.096534729003906250e+01 6.527379035949707031e+00
1.125000174343585968e+02 7.275167083740234375e+01 8.057575225830078125e+00
1.135000174939632558e+02 7.563375091552734375e+01 1.004732418060302734e+01
1.145000175535679006e+02 8.189188385009765625e+01 1.650111579895019531e+01
1.155000176131725027e+02 9.418244171142578125e+01 2.995861053466796875e+01
1.165000176727771617e+02 9.947827911376953125e+01 3.259896469116210938e+01
1.175000177323818065e+02 8.986527252197265625e+01 2.322127914428710938e+01
1.185000177919864655e+02 7.832972717285156250e+01 1.226319313049316406e+01
1.195000178515911102e+02 7.078275299072265625e+01 6.158753871917724609e+00
1.205000179111957692e+02 6.846401977539062500e+01 3.883033990859985352e+00
1.215000179708003714e+02 6.756655883789062500e+01 3.583884239196777344e+00
1.225000180304050161e+02 6.828268432617187500e+01 3.649625062942504883e+00
1.235000180900096751e+02 6.649077606201171875e+01 3.239278793334960938e+00
1.245000181496143199e+02 7.285970306396484375e+01 1.327973937988281250e+01
1.255000182092189789e+02 6.559745788574218750e+01 3.120156764984130859e+00
1.265000182688236237e+02 6.734556579589843750e+01 3.552936077117919922e+00
1.275000183284282826e+02 6.774693298339843750e+01 3.978651523590087891e+00
1.285000183880328848e+02 7.071333312988281250e+01 5.763530254364013672e+00
1.295000184476375296e+02 7.280874633789062500e+01 6.818972110748291016e+00
1.305000185072421743e+02 8.236986541748046875e+01 1.021157360076904297e+01
1.315000185668468475e+02 7.760182189941406250e+01 1.014683246612548828e+01
1.325000186264514923e+02 7.547838592529296875e+01 7.494966506958007812e+00
1.335000186860561371e+02 7.319043731689453125e+01 5.848206043243408203e+00
1.345000187456607819e+02 7.229632568359375000e+01 4.832581520080566406e+00
1.355000188052653982e+02 6.983549499511718750e+01 3.983673572540283203e+00
1.365000188648700430e+02 6.902684020996093750e+01 3.525581121444702148e+00
1.375000189244746878e+02 6.952697753906250000e+01 4.157744884490966797e+00
1.385000189840793610e+02 6.966355895996093750e+01 4.081881523132324219e+00
1.395000190436840057e+02 6.962866973876953125e+01 3.628206968307495117e+00
1.405000191032886505e+02 6.848065948486328125e+01 3.744194269180297852e+00
1.415000191628932953e+02 6.916213989257812500e+01 5.767123222351074219e+00
1.425000192224979116e+02 7.403889465332031250e+01 1.021717262268066406e+01
1.435000192821025564e+02 9.210556030273437500e+01 2.885794830322265625e+01
1.445000193417072012e+02 2.486878204345703125e+02 2.428596954345703125e+02
1.455000194013118744e+02 1.834830474853515625e+02 2.699281616210937500e+02
1.465000194609165192e+02 7.630407714843750000e+01 1.402973651885986328e+01
1.475000195205211639e+02 7.018382263183593750e+01 5.783725738525390625e+00
1.485000195801258087e+02 6.852732849121093750e+01 7.953959465026855469e+00
1.495000196397304251e+02 6.553107452392578125e+01 2.390741586685180664e+00
1.505000196993350698e+02 6.475004577636718750e+01 1.786070227622985840e+00
1.515000197589397146e+02 6.344060897827148438e+01 2.478054761886596680e+00
1.525000198185443878e+02 6.312182617187500000e+01 2.598791122436523438e+00
1.535000198781490326e+02 6.403364562988281250e+01 2.759132146835327148e+00
1.545000199377536774e+02 6.194732284545898438e+01 3.241312503814697266e+00
1.555000199973583221e+02 6.156055450439453125e+01 2.813487291336059570e+00
1.565000200569629385e+02 6.072699356079101562e+01 2.190236330032348633e+00
1.575000201165675833e+02 5.937109375000000000e+01 2.480745077133178711e+00
1.585000201761722280e+02 5.915299606323242188e+01 2.873065710067749023e+00
1.595000202357769012e+02 5.894921493530273438e+01 2.715176105499267578e+00
1.605000202953815460e+02 5.836883163452148438e+01 2.612622022628784180e+00
1.615000203549861908e+02 5.865944671630859375e+01 2.963947057723999023e+00
1.625000204145908356e+02 5.828499221801757812e+01 2.757008552551269531e+00
1.635000204741954519e+02 5.758249282836914062e+01 1.693540096282958984e+00
1.645000205338000967e+02 5.801230239868164062e+01 2.404577970504760742e+00
1.655000205934047415e+02 5.849686431884765625e+01 3.307803630828857422e+00
1.665000206530094147e+02 5.812782287597656250e+01 2.401345729827880859e+00
1.675000207126140594e+02 5.800565338134765625e+01 2.244502067565917969e+00
1.685000207722187042e+02 5.930165863037109375e+01 2.883486032485961914e+00
1.695000208318233490e+02 5.857679748535156250e+01 2.906328439712524414e+00
1.705000208914279654e+02 5.991771697998046875e+01 1.251083612442016602e+00
1.715000209510326101e+02 5.967826461791992188e+01 2.166078805923461914e+00
1.725000210106372549e+02 6.099810409545898438e+01 2.739526033401489258e+00
1.735000210702419281e+02 6.685630035400390625e+01 7.683911800384521484e+00
1.745000211298465729e+02 2.381470489501953125e+01 3.641294479370117188e+01
1.755000211894512177e+02 0.000000000000000000e+00 0.000000000000000000e+00
1.765000212490558624e+02 0.000000000000000000e+00 0.000000000000000000e+00
1.775000213086604788e+02 0.000000000000000000e+00 0.000000000000000000e+00
1.785000213682651236e+02 0.000000000000000000e+00 0.000000000000000000e+00
1.795000214278697968e+02 0.000000000000000000e+00 0.000000000000000000e+00
