gamma  mean  std
-1.794999999701976776e+02 0.000000000000000000e+00 0.000000000000000000e+00
-1.784999999105930328e+02 1.395051116943359375e+02 6.938216400146484375e+01
-1.774999998509883881e+02 1.190955657958984375e+02 4.656149673461914062e+01
-1.764999997913837433e+02 9.720411682128906250e+01 2.075699806213378906e+01
-1.754999997317790985e+02 8.357498931884765625e+01 9.618608474731445312e+00
-1.744999996721744253e+02 7.798253631591796875e+01 6.531820297241210938e+00
-1.734999996125698090e+02 7.429650878906250000e+01 4.213265419006347656e+00
-1.724999995529651642e+02 7.289879608154296875e+01 3.675436258316040039e+00
-1.714999994933605194e+02 7.138554382324218750e+01 3.310819625854492188e+00
-1.704999994337558746e+02 6.977708435058593750e+01 3.003229141235351562e+00
-1.694999993741512299e+02 7.122761535644531250e+01 3.654003381729125977e+00
-1.684999993145465851e+02 7.147453308105468750e+01 2.353225231170654297e+00
-1.674999992549419403e+02 7.115850830078125000e+01 1.602041602134704590e+00
-1.664999991953372955e+02 6.997241973876953125e+01 2.428683757781982422e+00
-1.654999991357326508e+02 7.048220062255859375e+01 2.677116394042968750e+00
-1.644999990761280060e+02 7.136639404296875000e+01 2.159243106842041016e+00
-1.634999990165233612e+02 7.245905303955078125e+01 1.959312796592712402e+00
-1.624999989569187164e+02 7.123316955566406250e+01 2.500425815582275391e+00
-1.614999988973140717e+02 7.239833068847656250e+01 2.602097272872924805e+00
-1.604999988377094269e+02 7.281602478027343750e+01 2.576026916503906250e+00
-1.594999987781047821e+02 7.338894653320312500e+01 2.300906658172607422e+00
-1.584999987185001373e+02 7.506156158447265625e+01 2.721002578735351562e+00
-1.574999986588954926e+02 7.866346740722656250e+01 6.734412193298339844e+00
-1.564999985992908478e+02 8.854588317871093750e+01 1.841257095336914062e+01
-1.554999985396862030e+02 1.185555877685546875e+02 5.592354965209960938e+01
-1.544999984800815582e+02 1.688636932373046875e+02 1.229180603027343750e+02
-1.534999984204769135e+02 1.745045776367187500e+02 1.291831512451171875e+02
-1.524999983608722687e+02 1.268127593994140625e+02 6.314325332641601562e+01
-1.514999983012676239e+02 9.276722717285156250e+01 2.235157966613769531e+01
-1.504999982416629791e+02 8.041001892089843750e+01 8.778408050537109375e+00
-1.494999981820583344e+02 7.579607391357421875e+01 4.702323913574218750e+00
-1.484999981224536896e+02 7.310903930664062500e+01 2.735265016555786133e+00
-1.474999980628490448e+02 7.357257843017578125e+01 3.144982576370239258e+00
-1.464999980032444000e+02 7.308861541748046875e+01 3.454642772674560547e+00
-1.454999979436397552e+02 7.248605346679687500e+01 3.438292503356933594e+00
-1.444999978840351105e+02 7.138935089111328125e+01 2.773794889450073242e+00
-1.434999978244304657e+02 7.303276824951171875e+01 2.930728435516357422e+00
-1.424999977648258209e+02 7.290484619140625000e+01 3.932323694229125977e+00
-1.414999977052211761e+02 7.282936096191406250e+01 3.433974981307983398e+00
-1.404999976456165314e+02 7.305351257324218750e+01 4.593965053558349609e+00
-1.394999975860118866e+02 7.202671813964843750e+01 3.519794940948486328e+00
-1.384999975264072418e+02 7.265218353271484375e+01 4.620614051818847656e+00
-1.374999974668025970e+02 7.208159637451171875e+01 3.707629203796386719e+00
-1.364999974071979523e+02 7.224296569824218750e+01 3.384164571762084961e+00
-1.354999973475933075e+02 7.501359558105468750e+01 3.607524633407592773e+00
-1.344999972879886627e+02 7.579774475097656250e+01 5.215545177459716797e+00
-1.334999972283840179e+02 8.468712615966796875e+01 1.286141681671142578e+01
-1.324999971687793732e+02 1.086930236816406250e+02 4.002815246582031250e+01
-1.314999971091747284e+02 1.566936187744140625e+02 1.044394531250000000e+02
-1.304999970495700836e+02 1.959394226074218750e+02 1.588655395507812500e+02
-1.294999969899654388e+02 1.623916320800781250e+02 1.155524139404296875e+02
-1.284999969303607941e+02 1.117382431030273438e+02 4.638106155395507812e+01
-1.274999968707561493e+02 8.525589752197265625e+01 1.611034393310546875e+01
-1.264999968111514903e+02 7.499182128906250000e+01 6.784628391265869141e+00
-1.254999967515468740e+02 7.011343383789062500e+01 3.772285461425781250e+00
-1.244999966919422150e+02 6.829313659667968750e+01 3.445363044738769531e+00
-1.234999966323375702e+02 6.740729522705078125e+01 3.381638050079345703e+00
-1.224999965727329112e+02 6.647985839843750000e+01 3.051750898361206055e+00
-1.214999965131282806e+02 6.619364929199218750e+01 3.682603836059570312e+00
-1.204999964535236359e+02 6.811085510253906250e+01 4.036527633666992188e+00
-1.194999963939190053e+02 7.003197479248046875e+01 5.595489025115966797e+00
-1.184999963343143605e+02 7.154810333251953125e+01 7.670641422271728516e+00
-1.174999962747097015e+02 1.661948089599609375e+02 1.973792266845703125e+02
-1.164999962151050568e+02 1.485483703613281250e+02 1.673492736816406250e+02
-1.154999961555003978e+02 7.225907135009765625e+01 6.846929073333740234e+00
-1.144999960958957672e+02 7.254788208007812500e+01 5.083739757537841797e+00
-1.134999960362911224e+02 7.693132781982421875e+01 7.468992710113525391e+00
-1.124999959766864777e+02 8.377913665771484375e+01 1.249339485168457031e+01
-1.114999959170818329e+02 1.015517578125000000e+02 3.026813316345214844e+01
-1.104999958574771881e+02 1.235270156860351562e+02 5.678349304199218750e+01
-1.094999957978725291e+02 1.198637161254882812e+02 5.332920074462890625e+01
-1.084999957382678986e+02 1.005512619018554688e+02 2.754232788085937500e+01
-1.074999956786632538e+02 8.696590423583984375e+01 1.180740165710449219e+01
-1.064999956190586090e+02 7.843197631835937500e+01 6.051910400390625000e+00
-1.054999955594539642e+02 7.401918029785156250e+01 3.241641998291015625e+00
-1.044999954998493195e+02 6.992366027832031250e+01 2.815395593643188477e+00
-1.034999954402446747e+02 6.800328826904296875e+01 2.768465995788574219e+00
-1.024999953806400299e+02 6.615595245361328125e+01 2.113463401794433594e+00
-1.014999953210353851e+02 6.645906829833984375e+01 2.470114707946777344e+00
-1.004999952614307404e+02 6.792227172851562500e+01 3.334820270538330078e+00
-9.949999520182609558e+01 7.222975158691406250e+01 6.228897571563720703e+00
-9.849999514222145081e+01 8.923962402343750000e+01 2.567784881591796875e+01
-9.749999508261680603e+01 3.210177001953125000e+02 4.133519287109375000e+02
-9.649999502301216125e+01 2.401542773437500000e+04 4.941098437500000000e+04
-9.549999496340751648e+01 1.652689331054687500e+03 4.139047851562500000e+03
-9.449999490380287170e+01 9.574512481689453125e+01 3.203441619873046875e+01
-9.349999484419822693e+01 7.644821929931640625e+01 9.861869812011718750e+00
-9.249999478459358215e+01 7.202648162841796875e+01 6.838165283203125000e+00
-9.149999472498893738e+01 7.451380920410156250e+01 9.967314720153808594e+00
-9.049999466538429260e+01 8.117897033691406250e+01 2.017599678039550781e+01
-8.949999460577964783e+01 9.605521392822265625e+01 4.722751998901367188e+01
-8.849999454617500305e+01 1.306408081054687500e+02 8.278211975097656250e+01
-8.749999448657035828e+01 1.401529846191406250e+02 9.876578521728515625e+01
-8.649999442696571350e+01 1.190148086547851562e+02 7.350180053710937500e+01
-8.549999436736106873e+01 9.032147979736328125e+01 3.647320175170898438e+01
-8.449999430775642395e+01 7.183784484863281250e+01 1.609195137023925781e+01
-8.349999424815177917e+01 6.583781433105468750e+01 7.458671569824218750e+00
-8.249999418854713440e+01 6.164746475219726562e+01 4.700654506683349609e+00
-8.149999412894248962e+01 6.030929183959960938e+01 4.394554138183593750e+00
-8.049999406933784485e+01 5.847843551635742188e+01 2.825364828109741211e+00
-7.949999400973320007e+01 5.836637496948242188e+01 1.919895768165588379e+00
-7.849999395012855530e+01 5.753336334228515625e+01 1.936563611030578613e+00
-7.749999389052391052e+01 5.597949981689453125e+01 2.243489503860473633e+00
-7.649999383091926575e+01 5.664180374145507812e+01 2.169820308685302734e+00
-7.549999377131462097e+01 5.567282485961914062e+01 1.961766958236694336e+00
-7.449999371170997620e+01 5.648230361938476562e+01 2.219353437423706055e+00
-7.349999365210533142e+01 5.661006927490234375e+01 2.172243595123291016e+00
-7.249999359250068665e+01 5.787889099121093750e+01 7.438584566116333008e-01
-7.149999353289604187e+01 5.714865875244140625e+01 1.578166246414184570e+00
-7.049999347329139709e+01 5.785616683959960938e+01 1.914674639701843262e+00
-6.949999341368675232e+01 5.952453231811523438e+01 2.566569566726684570e+00
-6.849999335408210754e+01 5.907813262939453125e+01 1.649924993515014648e+00
-6.749999329447746277e+01 6.190767669677734375e+01 2.317935943603515625e+00
-6.649999323487281799e+01 6.444066619873046875e+01 3.543629169464111328e+00
-6.549999317526817322e+01 6.826062011718750000e+01 5.413608551025390625e+00
-6.449999311566352844e+01 7.643997955322265625e+01 1.208722400665283203e+01
-6.349999305605889788e+01 8.259874725341796875e+01 2.160470199584960938e+01
-6.249999299645424600e+01 7.941137695312500000e+01 1.887705993652343750e+01
-6.149999293684959412e+01 7.100701141357421875e+01 9.026744842529296875e+00
-6.049999287724494224e+01 6.755420684814453125e+01 5.033305168151855469e+00
-5.949999281764031167e+01 6.761166381835937500e+01 4.799259185791015625e+00
-5.849999275803565979e+01 7.139328002929687500e+01 8.450435638427734375e+00
-5.749999269843100791e+01 1.673238220214843750e+02 1.825003204345703125e+02
-5.649999263882638445e+01 2.231402099609375000e+03 4.287798828125000000e+03
-5.549999257922173257e+01 8.411833953857421875e+01 2.269570350646972656e+01
-5.449999251961708069e+01 7.220361328125000000e+01 6.730750083923339844e+00
-5.349999246001242881e+01 7.308377838134765625e+01 5.970882892608642578e+00
-5.249999240040779824e+01 7.755072784423828125e+01 8.232913017272949219e+00
-5.149999234080314636e+01 8.514682006835937500e+01 1.413110065460205078e+01
-5.049999228119849448e+01 9.572668457031250000e+01 2.684256744384765625e+01
-4.949999222159387102e+01 1.077204971313476562e+02 4.007567214965820312e+01
-4.849999216198921914e+01 1.113024749755859375e+02 3.937496566772460938e+01
-4.749999210238456726e+01 2.506756896972656250e+02 3.300714721679687500e+02
-4.649999204277991538e+01 9.932196807861328125e+01 2.365980720520019531e+01
-4.549999198317528482e+01 7.957657623291015625e+01 6.648807525634765625e+00
-4.449999192357063293e+01 7.309337615966796875e+01 2.953729867935180664e+00
-4.349999186396598105e+01 6.913941955566406250e+01 2.670758247375488281e+00
-4.249999180436135759e+01 7.086563873291015625e+01 5.580424308776855469e+00
-4.149999174475670571e+01 2.402930297851562500e+02 4.053712158203125000e+02
-4.049999168515205383e+01 7.076869201660156250e+01 6.374664783477783203e+00
-3.949999162554740195e+01 7.363452911376953125e+01 9.042972564697265625e+00
-3.849999156594277139e+01 8.131118774414062500e+01 1.726465797424316406e+01
-3.749999150633811951e+01 8.871131134033203125e+01 2.500123214721679688e+01
-3.649999144673346763e+01 8.761801147460937500e+01 2.386882781982421875e+01
-3.549999138712884417e+01 8.900680541992187500e+01 2.498604011535644531e+01
-3.449999132752419229e+01 1.071861114501953125e+02 4.735190963745117188e+01
-3.349999126791954041e+01 1.720353240966796875e+02 1.318753204345703125e+02
-3.249999120831488852e+01 2.885085144042968750e+02 2.967816162109375000e+02
-3.149999114871025796e+01 3.323701782226562500e+02 3.582399597167968750e+02
-3.049999108910560608e+01 2.280777740478515625e+02 2.071649322509765625e+02
-2.949999102950095420e+01 1.311374664306640625e+02 7.787377166748046875e+01
-2.849999096989632719e+01 9.015230560302734375e+01 3.024582862854003906e+01
-2.749999091029167531e+01 7.494297027587890625e+01 1.385716915130615234e+01
-2.649999085068702342e+01 7.141323852539062500e+01 9.246570587158203125e+00
-2.549999079108239641e+01 7.249495697021484375e+01 1.071797180175781250e+01
-2.449999073147774453e+01 8.504801177978515625e+01 2.267200851440429688e+01
-2.349999067187309265e+01 1.180978927612304688e+02 5.913376617431640625e+01
-2.249999061226844077e+01 1.898021087646484375e+02 1.534061584472656250e+02
-2.149999055266381376e+01 2.728352966308593750e+02 2.697172546386718750e+02
-2.049999049305916188e+01 2.531974487304687500e+02 2.409912719726562500e+02
-1.949999043345451000e+01 1.605883941650390625e+02 1.156583480834960938e+02
-1.849999037384988299e+01 1.011905364990234375e+02 4.047794723510742188e+01
-1.749999031424523110e+01 7.962429809570312500e+01 1.595625400543212891e+01
-1.649999025464057922e+01 7.244757843017578125e+01 9.019169807434082031e+00
-1.549999019503592734e+01 6.735475921630859375e+01 4.310297012329101562e+00
-1.449999013543130033e+01 6.668609619140625000e+01 5.184324264526367188e+00
-1.349999007582664845e+01 6.061261749267578125e+01 2.531104326248168945e+00
-1.249999001622199657e+01 5.928243255615234375e+01 1.578021764755249023e+00
-1.149998995661736956e+01 5.852884674072265625e+01 1.747305512428283691e+00
-1.049998989701271768e+01 5.866125106811523438e+01 1.767462491989135742e+00
-9.499989837408065796e+00 5.936673355102539062e+01 1.943763494491577148e+00
-8.499989777803413915e+00 5.839731216430664062e+01 1.681491732597351074e+00
-7.499989718198786903e+00 5.954287338256835938e+01 1.987138509750366211e+00
-6.499989658594135022e+00 6.008292770385742188e+01 1.687525629997253418e+00
-5.499989598989483142e+00 6.036270523071289062e+01 1.551546812057495117e+00
-4.499989539384856130e+00 6.099064636230468750e+01 2.106232404708862305e+00
-3.499989479780204249e+00 6.174004745483398438e+01 3.018916368484497070e+00
-2.499989420175551924e+00 6.235889434814453125e+01 2.941398382186889648e+00
-1.499989360570899821e+00 6.194350814819335938e+01 2.911642789840698242e+00
-4.999893009662732535e-01 0.000000000000000000e+00 0.000000000000000000e+00
5.000107586383788494e-01 0.000000000000000000e+00 0.000000000000000000e+00
1.500010818243030952e+00 0.000000000000000000e+00 0.000000000000000000e+00
2.500010877847657742e+00 0.000000000000000000e+00 0.000000000000000000e+00
3.500010937452309623e+00 0.000000000000000000e+00 0.000000000000000000e+00
4.500010997056961948e+00 0.000000000000000000e+00 0.000000000000000000e+00
5.500011056661613829e+00 1.900958061218261719e+01 2.859599876403808594e+01
6.500011116266240840e+00 7.212622070312500000e+01 6.118008613586425781e+00
7.500011175870892721e+00 1.033798980712890625e+02 6.796268463134765625e+01
8.500011235475545490e+00 7.515731811523437500e+01 5.251019477844238281e+00
9.500011295080170726e+00 8.720223236083984375e+01 1.275752639770507812e+01
1.050001135468482261e+01 1.260289459228515625e+02 4.704459762573242188e+01
1.150001141428947626e+01 4.758613891601562500e+02 6.341253051757812500e+02
1.250001147389410150e+01 6.200804687500000000e+04 1.968880625000000000e+05
1.350001153349875338e+01 5.085720520019531250e+02 6.700527343750000000e+02
1.450001159310340704e+01 1.660796051025390625e+02 1.018412094116210938e+02
1.550001165270805892e+01 1.003349990844726562e+02 2.524431419372558594e+01
1.650001171231268415e+01 7.805564117431640625e+01 7.128913402557373047e+00
1.750001177191733603e+01 7.144330596923828125e+01 4.257405281066894531e+00
1.850001183152198792e+01 6.681614685058593750e+01 2.294916152954101562e+00
1.950001189112661493e+01 6.555882263183593750e+01 2.790649652481079102e+00
2.050001195073126681e+01 6.855020141601562500e+01 4.304293155670166016e+00
2.150001201033591869e+01 7.219892120361328125e+01 9.044871330261230469e+00
2.250001206994057057e+01 8.252852630615234375e+01 1.972767829895019531e+01
2.350001212954519758e+01 9.976258850097656250e+01 4.530770111083984375e+01
2.450001218914984946e+01 1.098816299438476562e+02 5.725708389282226562e+01
2.550001224875450134e+01 9.582142639160156250e+01 3.465822219848632812e+01
2.650001230835912835e+01 7.929837036132812500e+01 1.584717082977294922e+01
2.750001236796378024e+01 7.155104064941406250e+01 7.449004650115966797e+00
2.850001242756843212e+01 7.607387542724609375e+01 1.793958854675292969e+01
2.950001248717308400e+01 6.391610336303710938e+01 5.006395339965820312e+00
3.050001254677771101e+01 6.204186630249023438e+01 2.698545455932617188e+00
3.150001260638236289e+01 6.071222686767578125e+01 3.989568948745727539e+00
3.250001266598701477e+01 6.154788970947265625e+01 4.591994285583496094e+00
3.350001272559164534e+01 6.036325454711914062e+01 4.537083148956298828e+00
3.450001278519629722e+01 5.898229980468750000e+01 2.721148014068603516e+00
3.550001284480094910e+01 5.987203598022460938e+01 2.906507492065429688e+00
3.650001290440560098e+01 5.817010879516601562e+01 1.940543293952941895e+00
3.750001296401022444e+01 5.768770599365234375e+01 1.857524871826171875e+00
3.850001302361487632e+01 5.731007766723632812e+01 2.146748542785644531e+00
3.950001308321952820e+01 5.674174118041992188e+01 2.031826972961425781e+00
4.050001314282415876e+01 5.754785919189453125e+01 2.128719329833984375e+00
4.150001320242881064e+01 5.696801757812500000e+01 2.080950260162353516e+00
4.250001326203346252e+01 5.700819396972656250e+01 1.772490859031677246e+00
4.350001332163811441e+01 5.642310333251953125e+01 2.354415178298950195e+00
4.450001338124273786e+01 5.642895889282226562e+01 2.305823087692260742e+00
4.550001344084738975e+01 5.728204345703125000e+01 2.324637889862060547e+00
4.650001350045204163e+01 5.668260955810546875e+01 1.725877404212951660e+00
4.750001356005667219e+01 5.742985534667968750e+01 2.153035402297973633e+00
4.850001361966132407e+01 5.694565963745117188e+01 3.097029447555541992e+00
4.950001367926597595e+01 6.061182022094726562e+01 3.814776182174682617e+00
5.050001373887062783e+01 6.745274353027343750e+01 2.068083572387695312e+01
5.150001379847527971e+01 6.089001083374023438e+01 3.142794609069824219e+00
5.250001385807988186e+01 6.383979797363281250e+01 2.948963642120361328e+00
5.350001391768453374e+01 6.398883056640625000e+01 2.523709297180175781e+00
5.450001397728918562e+01 7.032841491699218750e+01 5.165339946746826172e+00
5.550001403689383750e+01 8.229141235351562500e+01 1.459691905975341797e+01
5.650001409649848938e+01 1.537140350341796875e+02 6.190149307250976562e+01
5.750001415610314126e+01 2.648677062988281250e+02 1.922512054443359375e+02
5.850001421570779314e+01 4.212532348632812500e+02 5.357409057617187500e+02
5.950001427531239528e+01 3.286635437011718750e+02 3.514573364257812500e+02
6.050001433491704717e+01 1.361170959472656250e+02 6.255384826660156250e+01
6.150001439452169905e+01 8.866557312011718750e+01 1.425171470642089844e+01
6.250001445412635093e+01 7.637505340576171875e+01 6.305385589599609375e+00
6.350001451373100281e+01 7.385453796386718750e+01 5.201148033142089844e+00
6.450001457333564758e+01 7.522879028320312500e+01 7.107584953308105469e+00
6.550001463294030657e+01 1.219182128906250000e+02 1.000000762939453125e+02
6.650001469254490871e+01 6.449245117187500000e+03 1.563290820312500000e+04
6.750001475214955349e+01 2.208279418945312500e+02 2.423224334716796875e+02
6.850001481175421247e+01 1.227429046630859375e+02 5.772436523437500000e+01
6.950001487135885725e+01 1.116457617187500000e+04 2.843704492187500000e+04
7.050001493096351624e+01 2.082140350341796875e+02 2.612881164550781250e+02
7.150001499056816101e+01 1.043824005126953125e+02 3.516503143310546875e+01
7.250001505017282000e+01 8.800817871093750000e+01 1.807308197021484375e+01
7.350001510977742214e+01 7.739159393310546875e+01 8.971364021301269531e+00
7.450001516938206692e+01 7.175033569335937500e+01 5.174655437469482422e+00
7.550001522898672590e+01 7.006669616699218750e+01 3.428407907485961914e+00
7.650001528859137068e+01 6.886049652099609375e+01 3.798192739486694336e+00
7.750001534819602966e+01 6.780258941650390625e+01 3.938616037368774414e+00
7.850001540780068865e+01 6.886252593994140625e+01 3.690521717071533203e+00
7.950001546740533342e+01 7.009137725830078125e+01 5.358551979064941406e+00
8.050001552700993557e+01 7.117682647705078125e+01 5.316701889038085938e+00
8.150001558661458034e+01 7.342167663574218750e+01 7.558735847473144531e+00
8.250001564621923933e+01 7.501503753662109375e+01 9.874387741088867188e+00
8.350001570582388410e+01 7.100242614746093750e+01 8.335229873657226562e+00
8.450001576542854309e+01 6.592952728271484375e+01 5.718633174896240234e+00
8.550001582503320208e+01 6.413721466064453125e+01 4.021843433380126953e+00
8.650001588463784685e+01 6.086999511718750000e+01 2.762304306030273438e+00
8.750001594424244900e+01 2.702215576171875000e+01 4.869502544403076172e+00
8.850001600384709377e+01 1.469839692115783691e+00 2.102712541818618774e-01
8.950001606345175276e+01 1.484280228614807129e+00 1.680423915386199951e-01
9.050001612305641174e+01 9.469652175903320312e+00 3.209334611892700195e+00
9.150001618266105652e+01 6.054921340942382812e+01 5.750253677368164062e+00
9.250001624226571550e+01 6.182562637329101562e+01 5.077056884765625000e+00
9.350001630187036028e+01 6.260741806030273438e+01 5.230371952056884766e+00
9.450001636147496242e+01 7.106452178955078125e+01 7.858551502227783203e+00
9.550001642107962141e+01 7.124442291259765625e+01 8.062235832214355469e+00
9.650001648068426618e+01 6.766736602783203125e+01 4.027980804443359375e+00
9.750001654028892517e+01 6.692389678955078125e+01 3.102555513381958008e+00
9.850001659989356995e+01 6.861408996582031250e+01 3.441736221313476562e+00
9.950001665949822893e+01 7.268103790283203125e+01 7.964167118072509766e+00
1.005000167191028737e+02 8.137882995605468750e+01 1.339399242401123047e+01
1.015000167787074759e+02 9.263615417480468750e+01 2.461429977416992188e+01
1.025000168383121348e+02 1.069054107666015625e+02 3.910832977294921875e+01
1.035000168979167796e+02 1.182454299926757812e+02 5.002831649780273438e+01
1.045000169575214386e+02 1.184538040161132812e+02 4.860673904418945312e+01
1.055000170171260834e+02 1.055083847045898438e+02 3.410004425048828125e+01
1.065000170767307424e+02 9.259339141845703125e+01 2.130550003051757812e+01
1.075000171363353871e+02 8.331867980957031250e+01 1.357603645324707031e+01
1.085000171959399893e+02 7.787274169921875000e+01 8.802067756652832031e+00
1.095000172555446483e+02 7.871803283691406250e+01 7.413801193237304688e+00
1.105000173151492930e+02 7.881378936767578125e+01 8.211720466613769531e+00
1.115000173747539520e+02 8.568535614013671875e+01 1.163395309448242188e+01
1.125000174343585968e+02 1.013834686279296875e+02 2.761329460144042969e+01
1.135000174939632558e+02 1.358959808349609375e+02 6.724888610839843750e+01
1.145000175535679006e+02 1.738629760742187500e+02 1.108674926757812500e+02
1.155000176131725027e+02 1.751687774658203125e+02 1.079096527099609375e+02
1.165000176727771617e+02 1.433400268554687500e+02 6.907858276367187500e+01
1.175000177323818065e+02 1.143702392578125000e+02 3.595645523071289062e+01
1.185000177919864655e+02 9.464838409423828125e+01 1.704941940307617188e+01
1.195000178515911102e+02 8.241598510742187500e+01 8.400126457214355469e+00
1.205000179111957692e+02 7.942250061035156250e+01 5.022984027862548828e+00
1.215000179708003714e+02 8.037549591064453125e+01 6.514000892639160156e+00
1.225000180304050161e+02 8.790178680419921875e+01 1.584120750427246094e+01
1.235000180900096751e+02 1.121568450927734375e+02 4.384017944335937500e+01
1.245000181496143199e+02 1.518020172119140625e+02 9.936647796630859375e+01
1.255000182092189789e+02 1.480526428222656250e+02 9.800982666015625000e+01
1.265000182688236237e+02 1.100491943359375000e+02 4.505167770385742188e+01
1.275000183284282826e+02 8.888355255126953125e+01 1.652968788146972656e+01
1.285000183880328848e+02 8.078192901611328125e+01 9.159587860107421875e+00
1.295000184476375296e+02 7.482874298095703125e+01 2.884043931961059570e+00
1.305000185072421743e+02 7.458634948730468750e+01 3.001170635223388672e+00
1.315000185668468475e+02 7.307250213623046875e+01 2.225157976150512695e+00
1.325000186264514923e+02 7.551522064208984375e+01 5.051774978637695312e+00
1.335000186860561371e+02 7.324154663085937500e+01 1.784907698631286621e+00
1.345000187456607819e+02 7.312363433837890625e+01 1.665358304977416992e+00
1.355000188052653982e+02 7.302210235595703125e+01 2.553165197372436523e+00
1.365000188648700430e+02 7.321532440185546875e+01 2.704752445220947266e+00
1.375000189244746878e+02 7.216566467285156250e+01 1.964541912078857422e+00
1.385000189840793610e+02 7.209229278564453125e+01 2.687549114227294922e+00
1.395000190436840057e+02 7.144654846191406250e+01 3.213982820510864258e+00
1.405000191032886505e+02 7.037351226806640625e+01 2.681769371032714844e+00
1.415000191628932953e+02 7.108491516113281250e+01 2.669885873794555664e+00
1.425000192224979116e+02 7.007718658447265625e+01 2.934957742691040039e+00
1.435000192821025564e+02 7.024645233154296875e+01 2.383016824722290039e+00
1.445000193417072012e+02 7.006336212158203125e+01 2.828380107879638672e+00
1.455000194013118744e+02 6.921333312988281250e+01 1.595978021621704102e+00
1.465000194609165192e+02 6.837358093261718750e+01 1.757378101348876953e+00
1.475000195205211639e+02 6.761640167236328125e+01 1.814277648925781250e+00
1.485000195801258087e+02 6.780519866943359375e+01 2.472153186798095703e+00
1.495000196397304251e+02 6.895888519287109375e+01 2.374768733978271484e+00
1.505000196993350698e+02 6.682660675048828125e+01 2.002669334411621094e+00
1.515000197589397146e+02 7.012404632568359375e+01 5.115106105804443359e+00
1.525000198185443878e+02 1.217673416137695312e+02 1.342760009765625000e+02
1.535000198781490326e+02 6.626169586181640625e+01 2.311477422714233398e+00
1.545000199377536774e+02 6.714449310302734375e+01 2.140928983688354492e+00
1.555000199973583221e+02 6.828101348876953125e+01 2.059305906295776367e+00
1.565000200569629385e+02 6.688252258300781250e+01 2.945649862289428711e+00
1.575000201165675833e+02 6.698426818847656250e+01 2.246730566024780273e+00
1.585000201761722280e+02 6.649268341064453125e+01 1.614258766174316406e+00
1.595000202357769012e+02 6.666487884521484375e+01 2.427067756652832031e+00
1.605000202953815460e+02 6.617905426025390625e+01 2.183428049087524414e+00
1.615000203549861908e+02 6.750144195556640625e+01 2.459973335266113281e+00
1.625000204145908356e+02 6.789620971679687500e+01 1.821457982063293457e+00
1.635000204741954519e+02 6.869137573242187500e+01 2.321576595306396484e+00
1.645000205338000967e+02 7.028079223632812500e+01 2.464689254760742188e+00
1.655000205934047415e+02 7.094309997558593750e+01 3.079270601272583008e+00
1.665000206530094147e+02 7.473078155517578125e+01 4.761684894561767578e+00
1.675000207126140594e+02 7.752268981933593750e+01 5.434126377105712891e+00
1.685000207722187042e+02 7.952823638916015625e+01 9.313338279724121094e+00
1.695000208318233490e+02 8.048300170898437500e+01 9.768679618835449219e+00
1.705000208914279654e+02 7.825080871582031250e+01 8.496793746948242188e+00
1.715000209510326101e+02 7.570809173583984375e+01 6.069336414337158203e+00
1.725000210106372549e+02 7.312387084960937500e+01 5.376319885253906250e+00
1.735000210702419281e+02 7.139502716064453125e+01 4.412494182586669922e+00
1.745000211298465729e+02 2.101440811157226562e+01 3.159219932556152344e+01
1.755000211894512177e+02 0.000000000000000000e+00 0.000000000000000000e+00
1.765000212490558624e+02 0.000000000000000000e+00 0.000000000000000000e+00
1.775000213086604788e+02 0.000000000000000000e+00 0.000000000000000000e+00
1.785000213682651236e+02 0.000000000000000000e+00 0.000000000000000000e+00
1.795000214278697968e+02 0.000000000000000000e+00 0.000000000000000000e+00
