gamma  mean  std
-1.794999999701976776e+02 0.000000000000000000e+00 0.000000000000000000e+00
-1.784999999105930328e+02 5.559801483154296875e+01 3.788420915603637695e+00
-1.774999998509883881e+02 5.597611236572265625e+01 2.631321191787719727e+00
-1.764999997913837433e+02 5.712151336669921875e+01 2.389026641845703125e+00
-1.754999997317790985e+02 5.592754364013671875e+01 1.620724201202392578e+00
-1.744999996721744253e+02 5.752228546142578125e+01 3.355581045150756836e+00
-1.734999996125698090e+02 5.833399200439453125e+01 2.988163948059082031e+00
-1.724999995529651642e+02 5.814852523803710938e+01 3.257508039474487305e+00
-1.714999994933605194e+02 5.896448516845703125e+01 3.753075122833251953e+00
-1.704999994337558746e+02 6.839112854003906250e+01 2.730466651916503906e+01
-1.694999993741512299e+02 2.943000793457031250e+02 6.236758422851562500e+02
-1.684999993145465851e+02 5.787322616577148438e+01 2.267184257507324219e+00
-1.674999992549419403e+02 5.646164321899414062e+01 1.956799387931823730e+00
-1.664999991953372955e+02 5.797538375854492188e+01 2.179480791091918945e+00
-1.654999991357326508e+02 5.853615570068359375e+01 1.908839821815490723e+00
-1.644999990761280060e+02 5.796567153930664062e+01 2.383274316787719727e+00
-1.634999990165233612e+02 5.819378662109375000e+01 1.892952084541320801e+00
-1.624999989569187164e+02 5.799957656860351562e+01 1.851527690887451172e+00
-1.614999988973140717e+02 5.852793121337890625e+01 1.656883716583251953e+00
-1.604999988377094269e+02 6.434236145019531250e+01 8.763245582580566406e+00
-1.594999987781047821e+02 8.429745483398437500e+01 4.905032348632812500e+01
-1.584999987185001373e+02 6.295873641967773438e+01 4.560283184051513672e+00
-1.574999986588954926e+02 7.601390075683593750e+01 3.024856758117675781e+01
-1.564999985992908478e+02 2.083479766845703125e+02 3.199275817871093750e+02
-1.554999985396862030e+02 6.706886291503906250e+01 8.908655166625976562e+00
-1.544999984800815582e+02 6.175872421264648438e+01 3.204408884048461914e+00
-1.534999984204769135e+02 6.162984848022460938e+01 2.158552646636962891e+00
-1.524999983608722687e+02 6.059127044677734375e+01 1.596100330352783203e+00
-1.514999983012676239e+02 6.150236511230468750e+01 3.217332839965820312e+00
-1.504999982416629791e+02 6.278195571899414062e+01 4.913100719451904297e+00
-1.494999981820583344e+02 7.700592041015625000e+01 3.077693557739257812e+01
-1.484999981224536896e+02 8.762959289550781250e+01 5.429218673706054688e+01
-1.474999980628490448e+02 6.241471481323242188e+01 3.067259788513183594e+00
-1.464999980032444000e+02 6.056384277343750000e+01 2.422741889953613281e+00
-1.454999979436397552e+02 6.116592788696289062e+01 2.918515205383300781e+00
-1.444999978840351105e+02 6.363000869750976562e+01 4.095456123352050781e+00
-1.434999978244304657e+02 6.902317810058593750e+01 8.159232139587402344e+00
-1.424999977648258209e+02 8.231896209716796875e+01 1.963412284851074219e+01
-1.414999977052211761e+02 1.167580642700195312e+02 5.415397644042968750e+01
-1.404999976456165314e+02 2.019524536132812500e+02 1.605517120361328125e+02
-1.394999975860118866e+02 3.039897766113281250e+02 2.889092712402343750e+02
-1.384999975264072418e+02 2.806870422363281250e+02 2.466825103759765625e+02
-1.374999974668025970e+02 1.836049652099609375e+02 1.081033477783203125e+02
-1.364999974071979523e+02 1.340151977539062500e+02 4.797392654418945312e+01
-1.354999973475933075e+02 1.454572448730468750e+02 6.340751647949218750e+01
-1.344999972879886627e+02 1.993743743896484375e+02 1.545792999267578125e+02
-1.334999972283840179e+02 1.860053558349609375e+02 1.524856109619140625e+02
-1.324999971687793732e+02 1.177276687622070312e+02 4.737347030639648438e+01
-1.314999971091747284e+02 8.837345123291015625e+01 1.578014659881591797e+01
-1.304999970495700836e+02 7.377101135253906250e+01 5.308033943176269531e+00
-1.294999969899654388e+02 6.657617187500000000e+01 3.469849586486816406e+00
-1.284999969303607941e+02 6.454330444335937500e+01 2.691481828689575195e+00
-1.274999968707561493e+02 6.140632629394531250e+01 2.118539810180664062e+00
-1.264999968111514903e+02 6.036382293701171875e+01 2.948416948318481445e+00
-1.254999967515468740e+02 6.093226623535156250e+01 3.573909997940063477e+00
-1.244999966919422150e+02 6.502403259277343750e+01 9.042900085449218750e+00
-1.234999966323375702e+02 8.003734588623046875e+01 3.040677070617675781e+01
-1.224999965727329112e+02 1.022309951782226562e+02 6.242943954467773438e+01
-1.214999965131282806e+02 9.783760833740234375e+01 5.661959457397460938e+01
-1.204999964535236359e+02 7.285966491699218750e+01 2.326260566711425781e+01
-1.194999963939190053e+02 5.804470443725585938e+01 7.995896339416503906e+00
-1.184999963343143605e+02 5.297692489624023438e+01 3.505863904953002930e+00
-1.174999962747097015e+02 5.069108581542968750e+01 2.392055749893188477e+00
-1.164999962151050568e+02 4.991751480102539062e+01 1.906520485877990723e+00
-1.154999961555003978e+02 4.933325958251953125e+01 2.147495746612548828e+00
-1.144999960958957672e+02 4.992592239379882812e+01 2.543719530105590820e+00
-1.134999960362911224e+02 4.908897018432617188e+01 2.224003791809082031e+00
-1.124999959766864777e+02 4.910907363891601562e+01 2.345318078994750977e+00
-1.114999959170818329e+02 4.940476989746093750e+01 2.203022718429565430e+00
-1.104999958574771881e+02 4.985613250732421875e+01 2.019592046737670898e+00
-1.094999957978725291e+02 5.017537307739257812e+01 2.147516012191772461e+00
-1.084999957382678986e+02 5.155255508422851562e+01 2.441861391067504883e+00
-1.074999956786632538e+02 5.217287826538085938e+01 2.252890348434448242e+00
-1.064999956190586090e+02 5.166398239135742188e+01 3.069815874099731445e+00
-1.054999955594539642e+02 5.195469284057617188e+01 3.319606065750122070e+00
-1.044999954998493195e+02 5.244800567626953125e+01 3.774186372756958008e+00
-1.034999954402446747e+02 5.225370788574218750e+01 3.678335428237915039e+00
-1.024999953806400299e+02 5.174141693115234375e+01 2.479915142059326172e+00
-1.014999953210353851e+02 5.159549331665039062e+01 3.045189380645751953e+00
-1.004999952614307404e+02 5.121467590332031250e+01 2.657006978988647461e+00
-9.949999520182609558e+01 5.352774810791015625e+01 3.645473718643188477e+00
-9.849999514222145081e+01 5.447711181640625000e+01 5.082600116729736328e+00
-9.749999508261680603e+01 5.482310104370117188e+01 4.610997676849365234e+00
-9.649999502301216125e+01 5.486304473876953125e+01 4.273085594177246094e+00
-9.549999496340751648e+01 5.391104888916015625e+01 4.042787075042724609e+00
-9.449999490380287170e+01 5.300614929199218750e+01 3.710278749465942383e+00
-9.349999484419822693e+01 5.211336898803710938e+01 3.290163040161132812e+00
-9.249999478459358215e+01 5.165540313720703125e+01 3.161339044570922852e+00
-9.149999472498893738e+01 5.107313537597656250e+01 3.846519947052001953e+00
-9.049999466538429260e+01 5.027660751342773438e+01 3.024879932403564453e+00
-8.949999460577964783e+01 4.516487121582031250e+01 3.161594867706298828e+00
-8.849999454617500305e+01 4.912955093383789062e+01 2.221737623214721680e+00
-8.749999448657035828e+01 4.808774948120117188e+01 1.130868673324584961e+00
-8.649999442696571350e+01 4.609527969360351562e+01 1.625005006790161133e+00
-8.549999436736106873e+01 4.576020050048828125e+01 2.099254369735717773e+00
-8.449999430775642395e+01 4.504991912841796875e+01 1.377345561981201172e+00
-8.349999424815177917e+01 4.446274948120117188e+01 1.967757940292358398e+00
-8.249999418854713440e+01 4.505297851562500000e+01 1.960678577423095703e+00
-8.149999412894248962e+01 4.418235778808593750e+01 1.963811993598937988e+00
-8.049999406933784485e+01 4.393672561645507812e+01 1.814507842063903809e+00
-7.949999400973320007e+01 4.465220642089843750e+01 1.952421665191650391e+00
-7.849999395012855530e+01 4.612545394897460938e+01 2.452013015747070312e+00
-7.749999389052391052e+01 4.604192352294921875e+01 2.341155529022216797e+00
-7.649999383091926575e+01 4.732494735717773438e+01 2.896192073822021484e+00
-7.549999377131462097e+01 4.802747344970703125e+01 4.233813762664794922e+00
-7.449999371170997620e+01 4.848649215698242188e+01 5.168561935424804688e+00
-7.349999365210533142e+01 4.896234512329101562e+01 4.384726047515869141e+00
-7.249999359250068665e+01 4.895831680297851562e+01 3.458353042602539062e+00
-7.149999353289604187e+01 4.836070251464843750e+01 2.990988969802856445e+00
-7.049999347329139709e+01 4.735889434814453125e+01 1.905967116355895996e+00
-6.949999341368675232e+01 4.830399322509765625e+01 2.375059843063354492e+00
-6.849999335408210754e+01 5.054938507080078125e+01 3.333245515823364258e+00
-6.749999329447746277e+01 5.358651351928710938e+01 6.875036716461181641e+00
-6.649999323487281799e+01 8.469657897949218750e+01 7.585502624511718750e+01
-6.549999317526817322e+01 8.925485229492187500e+01 5.349448394775390625e+01
-6.449999311566352844e+01 1.047619094848632812e+02 6.955728149414062500e+01
-6.349999305605889788e+01 9.665494537353515625e+01 5.444564819335937500e+01
-6.249999299645424600e+01 7.373357391357421875e+01 2.697182464599609375e+01
-6.149999293684959412e+01 6.349930953979492188e+01 1.663929176330566406e+01
-6.049999287724494224e+01 1.190851898193359375e+02 2.147284545898437500e+02
-5.949999281764031167e+01 2.051505737304687500e+02 5.045500183105468750e+02
-5.849999275803565979e+01 5.099064254760742188e+01 2.080674171447753906e+00
-5.749999269843100791e+01 4.959056091308593750e+01 1.545702219009399414e+00
-5.649999263882638445e+01 5.044217681884765625e+01 1.516864895820617676e+00
-5.549999257922173257e+01 5.307828521728515625e+01 2.983575820922851562e+00
-5.449999251961708069e+01 6.668519592285156250e+01 1.556779384613037109e+01
-5.349999246001242881e+01 8.962875366210937500e+01 3.748529052734375000e+01
-5.249999240040779824e+01 1.096550216674804688e+02 7.404729461669921875e+01
-5.149999234080314636e+01 1.133846435546875000e+02 7.969622039794921875e+01
-5.049999228119849448e+01 7.716664123535156250e+01 2.529911613464355469e+01
-4.949999222159387102e+01 6.036687850952148438e+01 7.907073497772216797e+00
-4.849999216198921914e+01 5.358805847167968750e+01 2.685693979263305664e+00
-4.749999210238456726e+01 5.178481292724609375e+01 2.151440143585205078e+00
-4.649999204277991538e+01 4.990549468994140625e+01 1.564237356185913086e+00
-4.549999198317528482e+01 4.915010452270507812e+01 1.470623970031738281e+00
-4.449999192357063293e+01 4.794422912597656250e+01 2.474263668060302734e+00
-4.349999186396598105e+01 4.879738998413085938e+01 1.735282421112060547e+00
-4.249999180436135759e+01 4.949069976806640625e+01 2.414393901824951172e+00
-4.149999174475670571e+01 5.466751480102539062e+01 9.945122718811035156e+00
-4.049999168515205383e+01 6.227573013305664062e+01 1.499747276306152344e+01
-3.949999162554740195e+01 9.128153228759765625e+01 4.886669158935546875e+01
-3.849999156594277139e+01 1.248718109130859375e+02 9.398965454101562500e+01
-3.749999150633811951e+01 1.090348281860351562e+02 7.193830871582031250e+01
-3.649999144673346763e+01 7.836188507080078125e+01 3.339014434814453125e+01
-3.549999138712884417e+01 6.714311981201171875e+01 2.044035911560058594e+01
-3.449999132752419229e+01 6.837724304199218750e+01 1.816399765014648438e+01
-3.349999126791954041e+01 6.297592926025390625e+01 1.487011337280273438e+01
-3.249999120831488852e+01 5.483260726928710938e+01 3.468791484832763672e+00
-3.149999114871025796e+01 5.772794723510742188e+01 4.000422477722167969e+00
-3.049999108910560608e+01 6.166886520385742188e+01 6.775647640228271484e+00
-2.949999102950095420e+01 6.807015991210937500e+01 1.024027061462402344e+01
-2.849999096989632719e+01 7.387084197998046875e+01 1.438936328887939453e+01
-2.749999091029167531e+01 7.392113494873046875e+01 1.465789413452148438e+01
-2.649999085068702342e+01 7.352287292480468750e+01 1.322840213775634766e+01
-2.549999079108239641e+01 6.995088958740234375e+01 1.150867843627929688e+01
-2.449999073147774453e+01 6.700608062744140625e+01 9.906964302062988281e+00
-2.349999067187309265e+01 6.470091247558593750e+01 1.027913665771484375e+01
-2.249999061226844077e+01 6.208012008666992188e+01 8.160360336303710938e+00
-2.149999055266381376e+01 5.886497116088867188e+01 6.288326263427734375e+00
-2.049999049305916188e+01 5.631423568725585938e+01 5.357389450073242188e+00
-1.949999043345451000e+01 5.276296615600585938e+01 4.786503314971923828e+00
-1.849999037384988299e+01 5.100589752197265625e+01 3.907562732696533203e+00
-1.749999031424523110e+01 4.948844528198242188e+01 4.014814853668212891e+00
-1.649999025464057922e+01 4.803076553344726562e+01 3.816843986511230469e+00
-1.549999019503592734e+01 4.722511672973632812e+01 3.130636692047119141e+00
-1.449999013543130033e+01 4.637313079833984375e+01 1.632645130157470703e+00
-1.349999007582664845e+01 4.560510253906250000e+01 2.728879451751708984e+00
-1.249999001622199657e+01 4.540035247802734375e+01 2.825145721435546875e+00
-1.149998995661736956e+01 4.432341003417968750e+01 2.238574743270874023e+00
-1.049998989701271768e+01 4.421934509277343750e+01 2.167261838912963867e+00
-9.499989837408065796e+00 4.531484603881835938e+01 1.776184678077697754e+00
-8.499989777803413915e+00 4.671088409423828125e+01 2.714977264404296875e+00
-7.499989718198786903e+00 4.634651947021484375e+01 2.202256202697753906e+00
-6.499989658594135022e+00 4.581671524047851562e+01 2.369412422180175781e+00
-5.499989598989483142e+00 4.504951477050781250e+01 1.714975833892822266e+00
-4.499989539384856130e+00 4.602149200439453125e+01 3.000671148300170898e+00
-3.499989479780204249e+00 4.619785690307617188e+01 2.926076173782348633e+00
-2.499989420175551924e+00 4.874993896484375000e+01 5.017560958862304688e+00
-1.499989360570899821e+00 5.036315536499023438e+01 5.664896011352539062e+00
-4.999893009662732535e-01 0.000000000000000000e+00 0.000000000000000000e+00
5.000107586383788494e-01 0.000000000000000000e+00 0.000000000000000000e+00
1.500010818243030952e+00 0.000000000000000000e+00 0.000000000000000000e+00
2.500010877847657742e+00 0.000000000000000000e+00 0.000000000000000000e+00
3.500010937452309623e+00 0.000000000000000000e+00 0.000000000000000000e+00
4.500010997056961948e+00 0.000000000000000000e+00 0.000000000000000000e+00
5.500011056661613829e+00 1.348998546600341797e+01 2.026243019104003906e+01
6.500011116266240840e+00 4.738214111328125000e+01 3.867864131927490234e+00
7.500011175870892721e+00 4.753187561035156250e+01 2.271973371505737305e+00
8.500011235475545490e+00 4.796365737915039062e+01 3.171672105789184570e+00
9.500011295080170726e+00 5.584237289428710938e+01 9.143675804138183594e+00
1.050001135468482261e+01 1.161200408935546875e+02 9.263648223876953125e+01
1.150001141428947626e+01 1.933626953125000000e+03 3.295530273437500000e+03
1.250001147389410150e+01 7.291048583984375000e+02 1.111769409179687500e+03
1.350001153349875338e+01 7.792108154296875000e+01 3.663489151000976562e+01
1.450001159310340704e+01 5.630535888671875000e+01 6.668526649475097656e+00
1.550001165270805892e+01 5.494435119628906250e+01 7.505077362060546875e+00
1.650001171231268415e+01 6.322750091552734375e+01 1.812392997741699219e+01
1.750001177191733603e+01 9.669677734375000000e+01 5.738374710083007812e+01
1.850001183152198792e+01 1.790844879150390625e+02 1.689337310791015625e+02
1.950001189112661493e+01 2.163901977539062500e+02 2.169937133789062500e+02
2.050001195073126681e+01 1.359487304687500000e+02 1.055297927856445312e+02
2.150001201033591869e+01 7.460354614257812500e+01 2.877861976623535156e+01
2.250001206994057057e+01 5.597779083251953125e+01 6.754284858703613281e+00
2.350001212954519758e+01 4.885414886474609375e+01 2.594182014465332031e+00
2.450001218914984946e+01 4.753725433349609375e+01 2.311645984649658203e+00
2.550001224875450134e+01 4.737365722656250000e+01 1.845183491706848145e+00
2.650001230835912835e+01 4.781665039062500000e+01 1.571357965469360352e+00
2.750001236796378024e+01 4.745204162597656250e+01 1.921380758285522461e+00
2.850001242756843212e+01 4.944661331176757812e+01 6.562391757965087891e+00
2.950001248717308400e+01 4.900170135498046875e+01 2.973035335540771484e+00
3.050001254677771101e+01 5.097121810913085938e+01 3.009689092636108398e+00
3.150001260638236289e+01 5.598448181152343750e+01 6.440509319305419922e+00
3.250001266598701477e+01 5.916151428222656250e+01 1.181440448760986328e+01
3.350001272559164534e+01 6.081620788574218750e+01 1.411083984375000000e+01
3.450001278519629722e+01 5.632417678833007812e+01 9.003080368041992188e+00
3.550001284480094910e+01 5.344131088256835938e+01 4.978766441345214844e+00
3.650001290440560098e+01 5.383707809448242188e+01 5.013180255889892578e+00
3.750001296401022444e+01 5.934570312500000000e+01 8.531259536743164062e+00
3.850001302361487632e+01 6.796157836914062500e+01 1.786901092529296875e+01
3.950001308321952820e+01 8.396311950683593750e+01 3.554763793945312500e+01
4.050001314282415876e+01 9.223906707763671875e+01 4.540260314941406250e+01
4.150001320242881064e+01 8.134928894042968750e+01 3.261888504028320312e+01
4.250001326203346252e+01 6.690975952148437500e+01 1.700670242309570312e+01
4.350001332163811441e+01 5.787182998657226562e+01 7.774323940277099609e+00
4.450001338124273786e+01 5.420586776733398438e+01 4.704406738281250000e+00
4.550001344084738975e+01 5.696488571166992188e+01 5.037514686584472656e+00
4.650001350045204163e+01 6.018180084228515625e+01 8.968465805053710938e+00
4.750001356005667219e+01 6.865275573730468750e+01 1.654827117919921875e+01
4.850001361966132407e+01 7.732798767089843750e+01 2.552214050292968750e+01
4.950001367926597595e+01 8.339656829833984375e+01 2.555642890930175781e+01
5.050001373887062783e+01 7.810896301269531250e+01 1.995594406127929688e+01
5.150001379847527971e+01 7.588091278076171875e+01 1.537321853637695312e+01
5.250001385807988186e+01 7.621000671386718750e+01 1.843744277954101562e+01
5.350001391768453374e+01 7.527111816406250000e+01 1.817532157897949219e+01
5.450001397728918562e+01 6.967944335937500000e+01 1.304481697082519531e+01
5.550001403689383750e+01 6.680864715576171875e+01 9.467076301574707031e+00
5.650001409649848938e+01 6.573754882812500000e+01 8.356612205505371094e+00
5.750001415610314126e+01 6.561111450195312500e+01 1.068618011474609375e+01
5.850001421570779314e+01 6.763359832763671875e+01 1.208009910583496094e+01
5.950001427531239528e+01 7.136071777343750000e+01 1.506631088256835938e+01
6.050001433491704717e+01 8.617939758300781250e+01 3.041547775268554688e+01
6.150001439452169905e+01 1.325984802246093750e+02 8.547471618652343750e+01
6.250001445412635093e+01 2.613142700195312500e+02 2.590597229003906250e+02
6.350001451373100281e+01 5.294522094726562500e+02 5.641646118164062500e+02
6.450001457333564758e+01 4.845506591796875000e+02 5.715256347656250000e+02
6.550001463294030657e+01 2.640757446289062500e+02 2.662681274414062500e+02
6.650001469254490871e+01 1.303385009765625000e+02 8.696977996826171875e+01
6.750001475214955349e+01 8.212149047851562500e+01 2.867327499389648438e+01
6.850001481175421247e+01 6.613531494140625000e+01 1.190600109100341797e+01
6.950001487135885725e+01 6.304903411865234375e+01 8.257185935974121094e+00
7.050001493096351624e+01 7.169133758544921875e+01 1.794673156738281250e+01
7.150001499056816101e+01 1.604241485595703125e+02 1.019872741699218750e+02
7.250001505017282000e+01 8.279714355468750000e+02 8.729616088867187500e+02
7.350001510977742214e+01 1.497274627685546875e+02 1.069184341430664062e+02
7.450001516938206692e+01 6.796533966064453125e+01 1.667948913574218750e+01
7.550001522898672590e+01 5.876106262207031250e+01 6.106618404388427734e+00
7.650001528859137068e+01 5.492934036254882812e+01 2.728130578994750977e+00
7.750001534819602966e+01 5.327230453491210938e+01 2.784894704818725586e+00
7.850001540780068865e+01 5.330997085571289062e+01 2.418297052383422852e+00
7.950001546740533342e+01 5.378810501098632812e+01 2.254235982894897461e+00
8.050001552700993557e+01 5.576097106933593750e+01 3.632777690887451172e+00
8.150001558661458034e+01 5.711186218261718750e+01 4.577393054962158203e+00
8.250001564621923933e+01 5.831529998779296875e+01 6.515567302703857422e+00
8.350001570582388410e+01 5.789542770385742188e+01 8.604445457458496094e+00
8.450001576542854309e+01 5.484187698364257812e+01 7.296499252319335938e+00
8.550001582503320208e+01 5.264258575439453125e+01 6.432081222534179688e+00
8.650001588463784685e+01 4.993952178955078125e+01 4.180471897125244141e+00
8.750001594424244900e+01 2.143053054809570312e+01 4.566020011901855469e+00
8.850001600384709377e+01 1.172130346298217773e+00 2.352150827646255493e-01
8.950001606345175276e+01 1.206410884857177734e+00 1.983361840248107910e-01
9.050001612305641174e+01 9.015804290771484375e+00 3.432196855545043945e+00
9.150001618266105652e+01 5.135396575927734375e+01 4.492017269134521484e+00
9.250001624226571550e+01 5.827754211425781250e+01 9.971131324768066406e+00
9.350001630187036028e+01 6.997200012207031250e+01 2.295126724243164062e+01
9.450001636147496242e+01 8.126902770996093750e+01 3.392340850830078125e+01
9.550001642107962141e+01 7.331547546386718750e+01 2.338905715942382812e+01
9.650001648068426618e+01 6.276821136474609375e+01 8.723350524902343750e+00
9.750001654028892517e+01 5.807160949707031250e+01 2.719238042831420898e+00
9.850001659989356995e+01 5.610774230957031250e+01 2.409415483474731445e+00
9.950001665949822893e+01 5.558278274536132812e+01 2.300504684448242188e+00
1.005000167191028737e+02 5.616423797607421875e+01 3.470000267028808594e+00
1.015000167787074759e+02 5.832554244995117188e+01 4.284061431884765625e+00
1.025000168383121348e+02 5.783407974243164062e+01 4.320158958435058594e+00
1.035000168979167796e+02 5.648483657836914062e+01 2.017312526702880859e+00
1.045000169575214386e+02 5.604639053344726562e+01 1.682181954383850098e+00
1.055000170171260834e+02 5.581109619140625000e+01 2.270503044128417969e+00
1.065000170767307424e+02 5.692205429077148438e+01 2.353983640670776367e+00
1.075000171363353871e+02 5.794679641723632812e+01 1.515811085700988770e+00
1.085000171959399893e+02 5.850773620605468750e+01 1.686136364936828613e+00
1.095000172555446483e+02 5.962530899047851562e+01 1.884338378906250000e+00
1.105000173151492930e+02 6.034295654296875000e+01 3.550826311111450195e+00
1.115000173747539520e+02 7.083871459960937500e+01 1.845331764221191406e+01
1.125000174343585968e+02 6.934868621826171875e+01 1.068749618530273438e+01
1.135000174939632558e+02 7.235844421386718750e+01 1.323176097869873047e+01
1.145000175535679006e+02 8.213594055175781250e+01 2.245001029968261719e+01
1.155000176131725027e+02 1.083117599487304688e+02 5.837257003784179688e+01
1.165000176727771617e+02 1.501017303466796875e+02 1.225026321411132812e+02
1.175000177323818065e+02 1.501794281005859375e+02 1.195495452880859375e+02
1.185000177919864655e+02 1.088312606811523438e+02 5.762341308593750000e+01
1.195000178515911102e+02 8.560819244384765625e+01 2.367717933654785156e+01
1.205000179111957692e+02 8.900688934326171875e+01 2.275335121154785156e+01
1.215000179708003714e+02 1.165948944091796875e+02 5.058276748657226562e+01
1.225000180304050161e+02 2.010247955322265625e+02 1.506426696777343750e+02
1.235000180900096751e+02 3.529296569824218750e+02 3.545309448242187500e+02
1.245000181496143199e+02 3.944366760253906250e+02 4.136740722656250000e+02
1.255000182092189789e+02 2.498271484375000000e+02 2.048078308105468750e+02
1.265000182688236237e+02 1.359104309082031250e+02 6.372203445434570312e+01
1.275000183284282826e+02 9.033101654052734375e+01 1.932142448425292969e+01
1.285000183880328848e+02 7.580358123779296875e+01 8.374033927917480469e+00
1.295000184476375296e+02 7.385555267333984375e+01 6.817661285400390625e+00
1.305000185072421743e+02 7.350270080566406250e+01 7.180696964263916016e+00
1.315000185668468475e+02 8.851091766357421875e+01 2.613519859313964844e+01
1.325000186264514923e+02 9.941085052490234375e+01 3.562807846069335938e+01
1.335000186860561371e+02 1.398604736328125000e+02 8.292881011962890625e+01
1.345000187456607819e+02 2.044293823242187500e+02 1.660253753662109375e+02
1.355000188052653982e+02 2.242310943603515625e+02 1.937419586181640625e+02
1.365000188648700430e+02 1.746997070312500000e+02 1.273335266113281250e+02
1.375000189244746878e+02 1.178900222778320312e+02 5.845743560791015625e+01
1.385000189840793610e+02 8.609847259521484375e+01 2.427462577819824219e+01
1.395000190436840057e+02 7.444160461425781250e+01 1.186758327484130859e+01
1.405000191032886505e+02 6.990717315673828125e+01 7.475598335266113281e+00
1.415000191628932953e+02 6.725444793701171875e+01 7.203194618225097656e+00
1.425000192224979116e+02 6.536299133300781250e+01 5.076964855194091797e+00
1.435000192821025564e+02 6.310190200805664062e+01 3.177622079849243164e+00
1.445000193417072012e+02 6.215425491333007812e+01 3.446644306182861328e+00
1.455000194013118744e+02 6.509655761718750000e+01 6.064922809600830078e+00
1.465000194609165192e+02 6.945060729980468750e+01 1.256124114990234375e+01
1.475000195205211639e+02 6.209954071044921875e+01 2.427681684494018555e+00
1.485000195801258087e+02 6.375698471069335938e+01 4.259434223175048828e+00
1.495000196397304251e+02 6.658666992187500000e+01 7.916646003723144531e+00
1.505000196993350698e+02 7.075792694091796875e+01 1.473614788055419922e+01
1.515000197589397146e+02 6.973123931884765625e+01 1.142491626739501953e+01
1.525000198185443878e+02 6.480940246582031250e+01 5.283070087432861328e+00
1.535000198781490326e+02 6.139133071899414062e+01 2.122463226318359375e+00
1.545000199377536774e+02 6.020769500732421875e+01 2.050659179687500000e+00
1.555000199973583221e+02 6.085971450805664062e+01 1.630166053771972656e+00
1.565000200569629385e+02 6.127555847167968750e+01 1.960071921348571777e+00
1.575000201165675833e+02 6.173783493041992188e+01 1.968073010444641113e+00
1.585000201761722280e+02 6.222364044189453125e+01 2.612183332443237305e+00
1.595000202357769012e+02 6.387509536743164062e+01 2.804247617721557617e+00
1.605000202953815460e+02 6.294258499145507812e+01 2.963909626007080078e+00
1.615000203549861908e+02 6.590270996093750000e+01 4.241100311279296875e+00
1.625000204145908356e+02 6.580577087402343750e+01 4.653013229370117188e+00
1.635000204741954519e+02 6.482386779785156250e+01 4.595594882965087891e+00
1.645000205338000967e+02 6.373578262329101562e+01 4.051969051361083984e+00
1.655000205934047415e+02 6.245532989501953125e+01 5.330895900726318359e+00
1.665000206530094147e+02 6.025052261352539062e+01 3.353165626525878906e+00
1.675000207126140594e+02 5.932080841064453125e+01 3.652740716934204102e+00
1.685000207722187042e+02 5.841434478759765625e+01 2.217776060104370117e+00
1.695000208318233490e+02 5.867658996582031250e+01 2.515187263488769531e+00
1.705000208914279654e+02 5.866882324218750000e+01 3.103533506393432617e+00
1.715000209510326101e+02 5.856606292724609375e+01 3.095879316329956055e+00
1.725000210106372549e+02 6.053561019897460938e+01 3.880051374435424805e+00
1.735000210702419281e+02 6.323973846435546875e+01 5.719643592834472656e+00
1.745000211298465729e+02 1.750078010559082031e+01 2.627921104431152344e+01
1.755000211894512177e+02 0.000000000000000000e+00 0.000000000000000000e+00
1.765000212490558624e+02 0.000000000000000000e+00 0.000000000000000000e+00
1.775000213086604788e+02 0.000000000000000000e+00 0.000000000000000000e+00
1.785000213682651236e+02 0.000000000000000000e+00 0.000000000000000000e+00
1.795000214278697968e+02 0.000000000000000000e+00 0.000000000000000000e+00
