gamma  mean  std
-1.794999999701976776e+02 0.000000000000000000e+00 0.000000000000000000e+00
-1.784999999105930328e+02 7.073074340820312500e+01 3.376650094985961914e+00
-1.774999998509883881e+02 7.221522521972656250e+01 2.240073442459106445e+00
-1.764999997913837433e+02 7.656013488769531250e+01 6.546229839324951172e+00
-1.754999997317790985e+02 8.945470428466796875e+01 2.031823921203613281e+01
-1.744999996721744253e+02 1.225606307983398438e+02 5.743821716308593750e+01
-1.734999996125698090e+02 2.035778961181640625e+02 1.647004241943359375e+02
-1.724999995529651642e+02 3.120023803710937500e+02 3.231954956054687500e+02
-1.714999994933605194e+02 2.949225463867187500e+02 3.018756103515625000e+02
-1.704999994337558746e+02 1.816886901855468750e+02 1.384827880859375000e+02
-1.694999993741512299e+02 1.120574874877929688e+02 4.925889968872070312e+01
-1.684999993145465851e+02 8.685608673095703125e+01 1.976350784301757812e+01
-1.674999992549419403e+02 7.695789337158203125e+01 9.468685150146484375e+00
-1.664999991953372955e+02 7.266966247558593750e+01 6.870163917541503906e+00
-1.654999991357326508e+02 7.270458984375000000e+01 6.050363063812255859e+00
-1.644999990761280060e+02 7.610140991210937500e+01 6.322604179382324219e+00
-1.634999990165233612e+02 7.893720245361328125e+01 1.023435306549072266e+01
-1.624999989569187164e+02 8.815852355957031250e+01 1.746096801757812500e+01
-1.614999988973140717e+02 1.030961456298828125e+02 3.396091842651367188e+01
-1.604999988377094269e+02 1.156262359619140625e+02 4.725531005859375000e+01
-1.594999987781047821e+02 1.140602188110351562e+02 4.484054183959960938e+01
-1.584999987185001373e+02 9.914818572998046875e+01 2.787878799438476562e+01
-1.574999986588954926e+02 8.473519897460937500e+01 1.377618312835693359e+01
-1.564999985992908478e+02 7.705858612060546875e+01 6.589414596557617188e+00
-1.554999985396862030e+02 7.153379821777343750e+01 2.735804796218872070e+00
-1.544999984800815582e+02 6.933197784423828125e+01 2.323950529098510742e+00
-1.534999984204769135e+02 6.730414581298828125e+01 1.535769462585449219e+00
-1.524999983608722687e+02 6.749565887451171875e+01 1.823636174201965332e+00
-1.514999983012676239e+02 6.779791259765625000e+01 1.991000890731811523e+00
-1.504999982416629791e+02 6.725166320800781250e+01 2.493294000625610352e+00
-1.494999981820583344e+02 6.852087402343750000e+01 3.061083078384399414e+00
-1.484999981224536896e+02 6.932517242431640625e+01 1.637623548507690430e+00
-1.474999980628490448e+02 6.934484863281250000e+01 3.013272285461425781e+00
-1.464999980032444000e+02 6.775798034667968750e+01 4.003032207489013672e+00
-1.454999979436397552e+02 7.013886260986328125e+01 3.656555891036987305e+00
-1.444999978840351105e+02 7.137812042236328125e+01 4.727153301239013672e+00
-1.434999978244304657e+02 7.646579742431640625e+01 7.636347770690917969e+00
-1.424999977648258209e+02 8.092929077148437500e+01 1.218360900878906250e+01
-1.414999977052211761e+02 9.180735778808593750e+01 2.337332725524902344e+01
-1.404999976456165314e+02 1.159607467651367188e+02 4.943798446655273438e+01
-1.394999975860118866e+02 1.544281616210937500e+02 9.407848358154296875e+01
-1.384999975264072418e+02 2.122433929443359375e+02 1.800929107666015625e+02
-1.374999974668025970e+02 1.365696868896484375e+02 7.333600616455078125e+01
-1.364999974071979523e+02 1.062072906494140625e+02 3.730561447143554688e+01
-1.354999973475933075e+02 8.834612274169921875e+01 1.596083164215087891e+01
-1.344999972879886627e+02 7.903182220458984375e+01 7.129549980163574219e+00
-1.334999972283840179e+02 7.517654418945312500e+01 6.381682872772216797e+00
-1.324999971687793732e+02 7.279440307617187500e+01 5.144658088684082031e+00
-1.314999971091747284e+02 7.058946228027343750e+01 3.462060689926147461e+00
-1.304999970495700836e+02 6.969024658203125000e+01 3.637647151947021484e+00
-1.294999969899654388e+02 6.770001983642578125e+01 2.283558607101440430e+00
-1.284999969303607941e+02 6.792011260986328125e+01 2.704661846160888672e+00
-1.274999968707561493e+02 6.806483459472656250e+01 2.575083494186401367e+00
-1.264999968111514903e+02 6.938139343261718750e+01 3.313495874404907227e+00
-1.254999967515468740e+02 9.946163940429687500e+01 5.570381927490234375e+01
-1.244999966919422150e+02 8.162887573242187500e+01 1.511857223510742188e+01
-1.234999966323375702e+02 8.423832702636718750e+01 1.469999694824218750e+01
-1.224999965727329112e+02 9.420776367187500000e+01 2.384713935852050781e+01
-1.214999965131282806e+02 9.992202758789062500e+01 3.097353172302246094e+01
-1.204999964535236359e+02 1.012947082519531250e+02 3.227941513061523438e+01
-1.194999963939190053e+02 9.420666503906250000e+01 2.203467559814453125e+01
-1.184999963343143605e+02 8.611054229736328125e+01 1.390232467651367188e+01
-1.174999962747097015e+02 8.068835449218750000e+01 1.273441886901855469e+01
-1.164999962151050568e+02 7.484286499023437500e+01 1.189388179779052734e+01
-1.154999961555003978e+02 7.182396697998046875e+01 8.642084121704101562e+00
-1.144999960958957672e+02 6.973993682861328125e+01 7.951574325561523438e+00
-1.134999960362911224e+02 7.341755676269531250e+01 1.300776863098144531e+01
-1.124999959766864777e+02 7.911032104492187500e+01 2.149338340759277344e+01
-1.114999959170818329e+02 7.542566680908203125e+01 1.794733619689941406e+01
-1.104999958574771881e+02 6.836721801757812500e+01 1.171173191070556641e+01
-1.094999957978725291e+02 6.288866424560546875e+01 6.548071384429931641e+00
-1.084999957382678986e+02 6.134178161621093750e+01 5.133606910705566406e+00
-1.074999956786632538e+02 5.957341766357421875e+01 3.397235393524169922e+00
-1.064999956190586090e+02 5.792696380615234375e+01 3.744861125946044922e+00
-1.054999955594539642e+02 5.708375549316406250e+01 5.547187328338623047e+00
-1.044999954998493195e+02 5.684586334228515625e+01 3.030002832412719727e+00
-1.034999954402446747e+02 5.721303558349609375e+01 3.229068040847778320e+00
-1.024999953806400299e+02 5.523692321777343750e+01 2.930189132690429688e+00
-1.014999953210353851e+02 5.333915328979492188e+01 2.042434215545654297e+00
-1.004999952614307404e+02 5.347924041748046875e+01 1.346558690071105957e+00
-9.949999520182609558e+01 5.192104721069335938e+01 1.840537905693054199e+00
-9.849999514222145081e+01 5.310262680053710938e+01 1.980364322662353516e+00
-9.749999508261680603e+01 5.302760696411132812e+01 1.965821623802185059e+00
-9.649999502301216125e+01 5.359354782104492188e+01 2.597677707672119141e+00
-9.549999496340751648e+01 5.403680801391601562e+01 3.320276260375976562e+00
-9.449999490380287170e+01 5.380668640136718750e+01 2.200452327728271484e+00
-9.349999484419822693e+01 9.080525207519531250e+01 6.622645568847656250e+01
-9.249999478459358215e+01 7.020800018310546875e+01 1.872575569152832031e+01
-9.149999472498893738e+01 5.571729278564453125e+01 3.421335220336914062e+00
-9.049999466538429260e+01 5.533106231689453125e+01 3.487830877304077148e+00
-8.949999460577964783e+01 5.798662948608398438e+01 1.040410900115966797e+01
-8.849999454617500305e+01 5.892959976196289062e+01 6.390697956085205078e+00
-8.749999448657035828e+01 5.754463577270507812e+01 3.654928207397460938e+00
-8.649999442696571350e+01 6.058259963989257812e+01 7.551415920257568359e+00
-8.549999436736106873e+01 6.771893310546875000e+01 1.737366676330566406e+01
-8.449999430775642395e+01 7.102297210693359375e+01 1.990908432006835938e+01
-8.349999424815177917e+01 6.548152160644531250e+01 1.039976310729980469e+01
-8.249999418854713440e+01 5.986716461181640625e+01 3.651066541671752930e+00
-8.149999412894248962e+01 5.909083938598632812e+01 2.484832048416137695e+00
-8.049999406933784485e+01 6.079763412475585938e+01 3.141523599624633789e+00
-7.949999400973320007e+01 6.358814239501953125e+01 6.365614891052246094e+00
-7.849999395012855530e+01 6.843905639648437500e+01 1.260104942321777344e+01
-7.749999389052391052e+01 7.246467590332031250e+01 1.569868659973144531e+01
-7.649999383091926575e+01 7.047855377197265625e+01 1.280266189575195312e+01
-7.549999377131462097e+01 6.541101837158203125e+01 8.374793052673339844e+00
-7.449999371170997620e+01 6.037952423095703125e+01 3.620332241058349609e+00
-7.349999365210533142e+01 6.875122070312500000e+01 3.134621238708496094e+01
-7.249999359250068665e+01 6.414434051513671875e+01 1.723643493652343750e+01
-7.149999353289604187e+01 5.699119186401367188e+01 1.725555658340454102e+00
-7.049999347329139709e+01 5.607275772094726562e+01 2.756557703018188477e+00
-6.949999341368675232e+01 5.619712829589843750e+01 2.756985187530517578e+00
-6.849999335408210754e+01 5.705167770385742188e+01 3.047874212265014648e+00
-6.749999329447746277e+01 5.668053817749023438e+01 2.205817461013793945e+00
-6.649999323487281799e+01 5.792793655395507812e+01 2.076598882675170898e+00
-6.549999317526817322e+01 5.872454071044921875e+01 2.733296632766723633e+00
-6.449999311566352844e+01 5.892926025390625000e+01 3.298415899276733398e+00
-6.349999305605889788e+01 6.217840957641601562e+01 3.596196651458740234e+00
-6.249999299645424600e+01 6.260565948486328125e+01 4.416596889495849609e+00
-6.149999293684959412e+01 6.579179382324218750e+01 4.136935234069824219e+00
-6.049999287724494224e+01 6.732746124267578125e+01 5.536628723144531250e+00
-5.949999281764031167e+01 7.090361785888671875e+01 6.352889537811279297e+00
-5.849999275803565979e+01 7.193126678466796875e+01 6.769787311553955078e+00
-5.749999269843100791e+01 7.506530761718750000e+01 9.503088951110839844e+00
-5.649999263882638445e+01 7.452973175048828125e+01 9.272100448608398438e+00
-5.549999257922173257e+01 7.931982421875000000e+01 1.112972545623779297e+01
-5.449999251961708069e+01 8.254485321044921875e+01 1.486024475097656250e+01
-5.349999246001242881e+01 9.498678588867187500e+01 3.025960731506347656e+01
-5.249999240040779824e+01 1.380734710693359375e+02 8.067505645751953125e+01
-5.149999234080314636e+01 2.850535583496093750e+02 2.977913208007812500e+02
-5.049999228119849448e+01 8.402923583984375000e+02 6.529527587890625000e+02
-4.949999222159387102e+01 2.110581207275390625e+02 1.781400146484375000e+02
-4.849999216198921914e+01 1.225824356079101562e+02 5.855084991455078125e+01
-4.749999210238456726e+01 9.450605773925781250e+01 2.588544464111328125e+01
-4.649999204277991538e+01 8.317784118652343750e+01 1.365997886657714844e+01
-4.549999198317528482e+01 7.614202117919921875e+01 8.959941864013671875e+00
-4.449999192357063293e+01 6.931623077392578125e+01 7.369841098785400391e+00
-4.349999186396598105e+01 6.654885864257812500e+01 4.752632617950439453e+00
-4.249999180436135759e+01 6.292154693603515625e+01 3.540582895278930664e+00
-4.149999174475670571e+01 6.172059631347656250e+01 2.846206188201904297e+00
-4.049999168515205383e+01 5.909631347656250000e+01 2.420190095901489258e+00
-3.949999162554740195e+01 5.887585449218750000e+01 2.612780570983886719e+00
-3.849999156594277139e+01 5.732707214355468750e+01 1.542371511459350586e+00
-3.749999150633811951e+01 5.627205276489257812e+01 1.893429875373840332e+00
-3.649999144673346763e+01 5.661004638671875000e+01 2.690376281738281250e+00
-3.549999138712884417e+01 5.607732391357421875e+01 2.271260261535644531e+00
-3.449999132752419229e+01 5.650674819946289062e+01 2.133834600448608398e+00
-3.349999126791954041e+01 5.626639938354492188e+01 3.241353750228881836e+00
-3.249999120831488852e+01 5.597183990478515625e+01 2.642090082168579102e+00
-3.149999114871025796e+01 7.455168151855468750e+01 4.676526641845703125e+01
-3.049999108910560608e+01 5.755760192871093750e+01 2.067770242691040039e+00
-2.949999102950095420e+01 5.786952590942382812e+01 1.321632146835327148e+00
-2.849999096989632719e+01 5.752409362792968750e+01 2.495726823806762695e+00
-2.749999091029167531e+01 5.642227554321289062e+01 2.978263378143310547e+00
-2.649999085068702342e+01 5.669991302490234375e+01 2.118727207183837891e+00
-2.549999079108239641e+01 5.632001495361328125e+01 1.610515952110290527e+00
-2.449999073147774453e+01 5.578839111328125000e+01 2.658975362777709961e+00
-2.349999067187309265e+01 5.542037200927734375e+01 2.875193595886230469e+00
-2.249999061226844077e+01 5.487238311767578125e+01 1.726287722587585449e+00
-2.149999055266381376e+01 1.022000045776367188e+02 1.436654052734375000e+02
-2.049999049305916188e+01 7.652447509765625000e+01 5.963933944702148438e+01
-1.949999043345451000e+01 5.947532653808593750e+01 8.518543243408203125e+00
-1.849999037384988299e+01 6.267668914794921875e+01 1.226083278656005859e+01
-1.749999031424523110e+01 7.190711212158203125e+01 2.445918655395507812e+01
-1.649999025464057922e+01 7.293598937988281250e+01 2.707920646667480469e+01
-1.549999019503592734e+01 6.618772125244140625e+01 1.673173332214355469e+01
-1.449999013543130033e+01 5.790201950073242188e+01 8.876623153686523438e+00
-1.349999007582664845e+01 5.236194610595703125e+01 3.405568361282348633e+00
-1.249999001622199657e+01 5.231689071655273438e+01 2.277861356735229492e+00
-1.149998995661736956e+01 5.165818786621093750e+01 1.325608730316162109e+00
-1.049998989701271768e+01 5.036492538452148438e+01 1.888257384300231934e+00
-9.499989837408065796e+00 5.008620071411132812e+01 2.206566810607910156e+00
-8.499989777803413915e+00 4.965979003906250000e+01 2.027195930480957031e+00
-7.499989718198786903e+00 4.950508880615234375e+01 2.300729274749755859e+00
-6.499989658594135022e+00 4.942426300048828125e+01 1.723815441131591797e+00
-5.499989598989483142e+00 5.002738571166992188e+01 1.311825990676879883e+00
-4.499989539384856130e+00 4.998114776611328125e+01 1.653167605400085449e+00
-3.499989479780204249e+00 5.002094268798828125e+01 1.165827751159667969e+00
-2.499989420175551924e+00 5.249438858032226562e+01 1.881747484207153320e+00
-1.499989360570899821e+00 5.226607131958007812e+01 1.959436774253845215e+00
-4.999893009662732535e-01 0.000000000000000000e+00 0.000000000000000000e+00
5.000107586383788494e-01 0.000000000000000000e+00 0.000000000000000000e+00
1.500010818243030952e+00 0.000000000000000000e+00 0.000000000000000000e+00
2.500010877847657742e+00 0.000000000000000000e+00 0.000000000000000000e+00
3.500010937452309623e+00 0.000000000000000000e+00 0.000000000000000000e+00
4.500010997056961948e+00 0.000000000000000000e+00 0.000000000000000000e+00
5.500011056661613829e+00 1.625596237182617188e+01 2.444855499267578125e+01
6.500011116266240840e+00 5.847567367553710938e+01 5.206752300262451172e+00
7.500011175870892721e+00 6.004551315307617188e+01 5.158245086669921875e+00
8.500011235475545490e+00 6.839350891113281250e+01 1.533651447296142578e+01
9.500011295080170726e+00 8.548249053955078125e+01 3.653220367431640625e+01
1.050001135468482261e+01 9.442904663085937500e+01 5.152088928222656250e+01
1.150001141428947626e+01 8.102442169189453125e+01 3.424635314941406250e+01
1.250001147389410150e+01 6.654681396484375000e+01 1.331247520446777344e+01
1.350001153349875338e+01 5.953938674926757812e+01 4.755126476287841797e+00
1.450001159310340704e+01 5.580124282836914062e+01 2.651640415191650391e+00
1.550001165270805892e+01 5.567425537109375000e+01 2.559660434722900391e+00
1.650001171231268415e+01 5.692168426513671875e+01 2.004019975662231445e+00
1.750001177191733603e+01 6.107071685791015625e+01 8.911480903625488281e+00
1.850001183152198792e+01 5.883420944213867188e+01 4.807530879974365234e+00
1.950001189112661493e+01 6.151712799072265625e+01 5.192631244659423828e+00
2.050001195073126681e+01 6.507312011718750000e+01 7.009241104125976562e+00
2.150001201033591869e+01 6.713514709472656250e+01 9.478665351867675781e+00
2.250001206994057057e+01 6.686534118652343750e+01 8.532483100891113281e+00
2.350001212954519758e+01 6.517142486572265625e+01 7.563161373138427734e+00
2.450001218914984946e+01 6.620270538330078125e+01 6.779161930084228516e+00
2.550001224875450134e+01 6.186240768432617188e+01 4.764790058135986328e+00
2.650001230835912835e+01 6.112080764770507812e+01 4.073910713195800781e+00
2.750001236796378024e+01 6.144242095947265625e+01 3.338312387466430664e+00
2.850001242756843212e+01 6.262004089355468750e+01 3.491543054580688477e+00
2.950001248717308400e+01 6.618719482421875000e+01 5.769303321838378906e+00
3.050001254677771101e+01 6.637422180175781250e+01 5.428847789764404297e+00
3.150001260638236289e+01 6.848703002929687500e+01 5.656581878662109375e+00
3.250001266598701477e+01 6.970990753173828125e+01 6.607557296752929688e+00
3.350001272559164534e+01 7.206259155273437500e+01 8.572482109069824219e+00
3.450001278519629722e+01 7.310598754882812500e+01 8.910178184509277344e+00
3.550001284480094910e+01 9.564610290527343750e+01 7.601807403564453125e+01
3.650001290440560098e+01 7.616265106201171875e+01 1.214493179321289062e+01
3.750001296401022444e+01 8.208300781250000000e+01 1.614845466613769531e+01
3.850001302361487632e+01 9.045143127441406250e+01 2.314276885986328125e+01
3.950001308321952820e+01 1.034871139526367188e+02 3.203712081909179688e+01
4.050001314282415876e+01 9.500440979003906250e+01 2.262168121337890625e+01
4.150001320242881064e+01 8.698289489746093750e+01 1.591199398040771484e+01
4.250001326203346252e+01 7.713787078857421875e+01 1.043768882751464844e+01
4.350001332163811441e+01 6.999698638916015625e+01 7.172859191894531250e+00
4.450001338124273786e+01 6.689232635498046875e+01 6.782426357269287109e+00
4.550001344084738975e+01 6.518828582763671875e+01 4.968243122100830078e+00
4.650001350045204163e+01 6.306856155395507812e+01 4.339669704437255859e+00
4.750001356005667219e+01 6.110793685913085938e+01 3.470994949340820312e+00
4.850001361966132407e+01 5.827139663696289062e+01 3.022748231887817383e+00
4.950001367926597595e+01 6.029793167114257812e+01 3.011756420135498047e+00
5.050001373887062783e+01 6.016408538818359375e+01 3.495142936706542969e+00
5.150001379847527971e+01 5.865392303466796875e+01 3.298895835876464844e+00
5.250001385807988186e+01 5.963627243041992188e+01 2.790599822998046875e+00
5.350001391768453374e+01 6.067881011962890625e+01 3.911162853240966797e+00
5.450001397728918562e+01 6.290744781494140625e+01 4.660611152648925781e+00
5.550001403689383750e+01 6.440377807617187500e+01 5.083777904510498047e+00
5.650001409649848938e+01 6.559117126464843750e+01 3.547885656356811523e+00
5.750001415610314126e+01 6.575765991210937500e+01 4.697626590728759766e+00
5.850001421570779314e+01 6.674941253662109375e+01 4.157711029052734375e+00
5.950001427531239528e+01 6.650260925292968750e+01 5.641424655914306641e+00
6.050001433491704717e+01 6.529359436035156250e+01 5.239039421081542969e+00
6.150001439452169905e+01 6.373650741577148438e+01 5.388163089752197266e+00
6.250001445412635093e+01 6.330882263183593750e+01 3.825709342956542969e+00
6.350001451373100281e+01 6.135107040405273438e+01 2.977124214172363281e+00
6.450001457333564758e+01 6.077541732788085938e+01 3.296291589736938477e+00
6.550001463294030657e+01 5.957378768920898438e+01 2.773250341415405273e+00
6.650001469254490871e+01 5.808581542968750000e+01 2.159230709075927734e+00
6.750001475214955349e+01 5.826915740966796875e+01 2.855424404144287109e+00
6.850001481175421247e+01 5.831184768676757812e+01 3.352741956710815430e+00
6.950001487135885725e+01 5.878684997558593750e+01 3.768702030181884766e+00
7.050001493096351624e+01 5.770272064208984375e+01 3.213845252990722656e+00
7.150001499056816101e+01 5.833561706542968750e+01 3.602499485015869141e+00
7.250001505017282000e+01 5.784380340576171875e+01 2.840844631195068359e+00
7.350001510977742214e+01 5.656348037719726562e+01 1.614124774932861328e+00
7.450001516938206692e+01 5.685111999511718750e+01 1.978982210159301758e+00
7.550001522898672590e+01 5.645803070068359375e+01 1.957719206809997559e+00
7.650001528859137068e+01 5.545961380004882812e+01 1.686031460762023926e+00
7.750001534819602966e+01 5.595951843261718750e+01 1.688866972923278809e+00
7.850001540780068865e+01 5.522291564941406250e+01 1.741212129592895508e+00
7.950001546740533342e+01 5.631101226806640625e+01 2.396959066390991211e+00
8.050001552700993557e+01 5.632241439819335938e+01 2.515312433242797852e+00
8.150001558661458034e+01 5.778687286376953125e+01 1.937895774841308594e+00
8.250001564621923933e+01 5.673381805419921875e+01 2.517077684402465820e+00
8.350001570582388410e+01 5.405342864990234375e+01 2.555333375930786133e+00
8.450001576542854309e+01 5.474198532104492188e+01 1.723718166351318359e+00
8.550001582503320208e+01 5.878469085693359375e+01 4.028532981872558594e+00
8.650001588463784685e+01 6.465242767333984375e+01 1.166400337219238281e+01
8.750001594424244900e+01 3.885632705688476562e+01 1.666032981872558594e+01
8.850001600384709377e+01 1.346674203872680664e+00 3.159929215908050537e-01
8.950001606345175276e+01 1.392824769020080566e+00 3.566611707210540771e-01
9.050001612305641174e+01 1.388119316101074219e+01 6.332362174987792969e+00
9.150001618266105652e+01 1.120094528198242188e+02 5.934320068359375000e+01
9.250001624226571550e+01 9.277465057373046875e+01 2.977446746826171875e+01
9.350001630187036028e+01 8.785232543945312500e+01 2.628508377075195312e+01
9.450001636147496242e+01 8.482653045654296875e+01 2.180575561523437500e+01
9.550001642107962141e+01 7.821463012695312500e+01 1.374100685119628906e+01
9.650001648068426618e+01 7.329226684570312500e+01 9.148633003234863281e+00
9.750001654028892517e+01 7.279359436035156250e+01 8.609341621398925781e+00
9.850001659989356995e+01 7.901521301269531250e+01 1.429862880706787109e+01
9.950001665949822893e+01 9.639058685302734375e+01 3.784593200683593750e+01
1.005000167191028737e+02 1.144812011718750000e+02 7.357901763916015625e+01
1.015000167787074759e+02 1.097247772216796875e+02 6.922537994384765625e+01
1.025000168383121348e+02 7.396989440917968750e+01 1.507143878936767578e+01
1.035000168979167796e+02 6.778057861328125000e+01 7.470905780792236328e+00
1.045000169575214386e+02 6.429566955566406250e+01 5.123909950256347656e+00
1.055000170171260834e+02 6.267571640014648438e+01 2.754330158233642578e+00
1.065000170767307424e+02 6.168373489379882812e+01 2.018963336944580078e+00
1.075000171363353871e+02 6.132830429077148438e+01 2.281587123870849609e+00
1.085000171959399893e+02 6.350803756713867188e+01 2.553904533386230469e+00
1.095000172555446483e+02 6.253729248046875000e+01 2.452990293502807617e+00
1.105000173151492930e+02 7.679167938232421875e+01 3.566148376464843750e+01
1.115000173747539520e+02 1.294387207031250000e+02 1.850264587402343750e+02
1.125000174343585968e+02 6.312004852294921875e+01 2.022572994232177734e+00
1.135000174939632558e+02 6.272363281250000000e+01 2.377122163772583008e+00
1.145000175535679006e+02 6.249319076538085938e+01 2.556187152862548828e+00
1.155000176131725027e+02 6.345695495605468750e+01 2.458729743957519531e+00
1.165000176727771617e+02 6.334292984008789062e+01 2.542147397994995117e+00
1.175000177323818065e+02 6.470886230468750000e+01 2.606812000274658203e+00
1.185000177919864655e+02 6.492888641357421875e+01 2.415722370147705078e+00
1.195000178515911102e+02 6.521955871582031250e+01 3.230376720428466797e+00
1.205000179111957692e+02 4.837503662109375000e+02 1.156806274414062500e+03
1.215000179708003714e+02 1.269300003051757812e+02 1.656683807373046875e+02
1.225000180304050161e+02 6.859426116943359375e+01 3.306840658187866211e+00
1.235000180900096751e+02 6.852796936035156250e+01 3.358711481094360352e+00
1.245000181496143199e+02 7.068564605712890625e+01 4.853726863861083984e+00
1.255000182092189789e+02 7.338933563232421875e+01 6.398909091949462891e+00
1.265000182688236237e+02 7.655783081054687500e+01 8.120985031127929688e+00
1.275000183284282826e+02 7.688042449951171875e+01 6.900698184967041016e+00
1.285000183880328848e+02 7.488323974609375000e+01 5.832274436950683594e+00
1.295000184476375296e+02 8.105313873291015625e+01 1.379177284240722656e+01
1.305000185072421743e+02 8.534298706054687500e+01 1.450294685363769531e+01
1.315000185668468475e+02 9.331879425048828125e+01 2.484311485290527344e+01
1.325000186264514923e+02 9.127709197998046875e+01 2.135380363464355469e+01
1.335000186860561371e+02 8.308663177490234375e+01 1.224186325073242188e+01
1.345000187456607819e+02 7.883446502685546875e+01 7.263398647308349609e+00
1.355000188052653982e+02 7.745759582519531250e+01 7.149863719940185547e+00
1.365000188648700430e+02 7.729230499267578125e+01 5.050596714019775391e+00
1.375000189244746878e+02 7.421396636962890625e+01 5.408187389373779297e+00
1.385000189840793610e+02 7.410152435302734375e+01 3.998231649398803711e+00
1.395000190436840057e+02 7.264152526855468750e+01 3.214745044708251953e+00
1.405000191032886505e+02 7.120977020263671875e+01 3.289843797683715820e+00
1.415000191628932953e+02 7.026634979248046875e+01 2.706031799316406250e+00
1.425000192224979116e+02 6.935336303710937500e+01 3.640464305877685547e+00
1.435000192821025564e+02 6.848170471191406250e+01 3.584218740463256836e+00
1.445000193417072012e+02 6.723140716552734375e+01 3.631859779357910156e+00
1.455000194013118744e+02 6.741348266601562500e+01 3.671166658401489258e+00
1.465000194609165192e+02 6.635597229003906250e+01 2.928122520446777344e+00
1.475000195205211639e+02 6.706773376464843750e+01 2.726667165756225586e+00
1.485000195801258087e+02 6.673661041259765625e+01 3.218104839324951172e+00
1.495000196397304251e+02 6.681365203857421875e+01 3.692530393600463867e+00
1.505000196993350698e+02 6.754975128173828125e+01 4.568424224853515625e+00
1.515000197589397146e+02 6.859828186035156250e+01 5.675215244293212891e+00
1.525000198185443878e+02 8.075523376464843750e+01 1.930478858947753906e+01
1.535000198781490326e+02 6.965625762939453125e+01 5.735213279724121094e+00
1.545000199377536774e+02 7.149121856689453125e+01 6.586008548736572266e+00
1.555000199973583221e+02 7.424872589111328125e+01 8.260493278503417969e+00
1.565000200569629385e+02 7.874056243896484375e+01 1.222253990173339844e+01
1.575000201165675833e+02 9.201844787597656250e+01 2.463184928894042969e+01
1.585000201761722280e+02 1.253789443969726562e+02 6.345600128173828125e+01
1.595000202357769012e+02 1.967134857177734375e+02 1.564088592529296875e+02
1.605000202953815460e+02 2.619612121582031250e+02 2.473286285400390625e+02
1.615000203549861908e+02 2.221749572753906250e+02 1.885624694824218750e+02
1.625000204145908356e+02 1.467254180908203125e+02 8.586222076416015625e+01
1.635000204741954519e+02 9.995140075683593750e+01 3.076928138732910156e+01
1.645000205338000967e+02 8.224958038330078125e+01 1.225206279754638672e+01
1.655000205934047415e+02 7.468807220458984375e+01 5.414674282073974609e+00
1.665000206530094147e+02 7.096865844726562500e+01 3.647611379623413086e+00
1.675000207126140594e+02 6.781438446044921875e+01 1.894499301910400391e+00
1.685000207722187042e+02 6.747161865234375000e+01 1.826499104499816895e+00
1.695000208318233490e+02 6.615695190429687500e+01 1.561453223228454590e+00
1.705000208914279654e+02 6.649429321289062500e+01 1.505302667617797852e+00
1.715000209510326101e+02 6.544605255126953125e+01 2.492925167083740234e+00
1.725000210106372549e+02 6.617845153808593750e+01 2.143610000610351562e+00
1.735000210702419281e+02 6.531167602539062500e+01 2.268704891204833984e+00
1.745000211298465729e+02 2.059222030639648438e+01 3.097330474853515625e+01
1.755000211894512177e+02 0.000000000000000000e+00 0.000000000000000000e+00
1.765000212490558624e+02 0.000000000000000000e+00 0.000000000000000000e+00
1.775000213086604788e+02 0.000000000000000000e+00 0.000000000000000000e+00
1.785000213682651236e+02 0.000000000000000000e+00 0.000000000000000000e+00
1.795000214278697968e+02 0.000000000000000000e+00 0.000000000000000000e+00
