gamma  mean  std
-1.794999999701976776e+02 4.094590377807617188e+01 2.358208417892456055e+00
-1.784999999105930328e+02 3.898550415039062500e+01 9.780864119529724121e-01
-1.774999998509883881e+02 3.807389068603515625e+01 5.854666829109191895e-01
-1.764999997913837433e+02 3.748411941528320312e+01 7.366949319839477539e-01
-1.754999997317790985e+02 3.792336654663085938e+01 5.274889469146728516e-01
-1.744999996721744253e+02 3.737323760986328125e+01 1.063844323158264160e+00
-1.734999996125698090e+02 3.785549163818359375e+01 4.193905293941497803e-01
-1.724999995529651642e+02 3.773160171508789062e+01 1.614446282386779785e+00
-1.714999994933605194e+02 3.795153045654296875e+01 9.815559983253479004e-01
-1.704999994337558746e+02 3.720722198486328125e+01 9.785529971122741699e-01
-1.694999993741512299e+02 3.759323501586914062e+01 1.282152414321899414e+00
-1.684999993145465851e+02 3.694019317626953125e+01 1.245926976203918457e+00
-1.674999992549419403e+02 3.712063980102539062e+01 1.222876429557800293e+00
-1.664999991953372955e+02 3.638650131225585938e+01 1.300989508628845215e+00
-1.654999991357326508e+02 3.575728988647460938e+01 1.236334919929504395e+00
-1.644999990761280060e+02 3.577217864990234375e+01 1.073862671852111816e+00
-1.634999990165233612e+02 3.575218963623046875e+01 7.461081147193908691e-01
-1.624999989569187164e+02 3.612260437011718750e+01 1.069274783134460449e+00
-1.614999988973140717e+02 3.551971054077148438e+01 1.017910718917846680e+00
-1.604999988377094269e+02 3.590887451171875000e+01 1.153366088867187500e+00
-1.594999987781047821e+02 3.562070083618164062e+01 2.898283004760742188e-01
-1.584999987185001373e+02 3.549521255493164062e+01 6.908760070800781250e-01
-1.574999986588954926e+02 3.558495330810546875e+01 8.706293702125549316e-01
-1.564999985992908478e+02 3.622692108154296875e+01 9.792796373367309570e-01
-1.554999985396862030e+02 3.687332534790039062e+01 1.428144454956054688e+00
-1.544999984800815582e+02 3.649624252319335938e+01 9.741039276123046875e-01
-1.534999984204769135e+02 3.496026229858398438e+01 7.824716567993164062e-01
-1.524999983608722687e+02 3.522113037109375000e+01 6.673734188079833984e-01
-1.514999983012676239e+02 3.462650680541992188e+01 1.611657977104187012e+00
-1.504999982416629791e+02 3.498481369018554688e+01 8.229136466979980469e-01
-1.494999981820583344e+02 3.526906967163085938e+01 8.823089599609375000e-01
-1.484999981224536896e+02 3.576395797729492188e+01 8.208078145980834961e-01
-1.474999980628490448e+02 3.575311660766601562e+01 1.043040990829467773e+00
-1.464999980032444000e+02 3.638191223144531250e+01 8.894721269607543945e-01
-1.454999979436397552e+02 3.688622665405273438e+01 1.091738224029541016e+00
-1.444999978840351105e+02 3.783378219604492188e+01 1.437468290328979492e+00
-1.434999978244304657e+02 3.830483627319335938e+01 7.616409063339233398e-01
-1.424999977648258209e+02 3.735342407226562500e+01 9.085317850112915039e-01
-1.414999977052211761e+02 3.787061309814453125e+01 4.537914693355560303e-01
-1.404999976456165314e+02 3.754543685913085938e+01 9.701847434043884277e-01
-1.394999975860118866e+02 3.646780776977539062e+01 6.791525483131408691e-01
-1.384999975264072418e+02 3.657099151611328125e+01 9.658433198928833008e-01
-1.374999974668025970e+02 3.698950958251953125e+01 9.957057833671569824e-01
-1.364999974071979523e+02 3.614398956298828125e+01 1.130250334739685059e+00
-1.354999973475933075e+02 3.690701675415039062e+01 1.116706371307373047e+00
-1.344999972879886627e+02 3.750173568725585938e+01 1.145063519477844238e+00
-1.334999972283840179e+02 3.733089828491210938e+01 8.070248961448669434e-01
-1.324999971687793732e+02 3.716567993164062500e+01 6.507446169853210449e-01
-1.314999971091747284e+02 3.742127609252929688e+01 9.333181977272033691e-01
-1.304999970495700836e+02 3.723276138305664062e+01 1.418083667755126953e+00
-1.294999969899654388e+02 3.846319961547851562e+01 7.207946777343750000e-01
-1.284999969303607941e+02 3.761068725585937500e+01 9.570785760879516602e-01
-1.274999968707561493e+02 3.789263534545898438e+01 7.907074689865112305e-01
-1.264999968111514903e+02 3.870370101928710938e+01 1.118686914443969727e+00
-1.254999967515468740e+02 3.800989151000976562e+01 1.065278410911560059e+00
-1.244999966919422150e+02 3.905718231201171875e+01 6.450584530830383301e-01
-1.234999966323375702e+02 3.849558639526367188e+01 6.531557440757751465e-01
-1.224999965727329112e+02 3.823333358764648438e+01 7.093260288238525391e-01
-1.214999965131282806e+02 3.723144531250000000e+01 7.170023918151855469e-01
-1.204999964535236359e+02 3.685848999023437500e+01 6.814047694206237793e-01
-1.194999963939190053e+02 3.656023406982421875e+01 1.098162293434143066e+00
-1.184999963343143605e+02 3.565617752075195312e+01 9.912483692169189453e-01
-1.174999962747097015e+02 3.584381866455078125e+01 8.092666864395141602e-01
-1.164999962151050568e+02 3.535634231567382812e+01 3.588542342185974121e-01
-1.154999961555003978e+02 3.512648773193359375e+01 9.918466806411743164e-01
-1.144999960958957672e+02 3.562424468994140625e+01 9.700475335121154785e-01
-1.134999960362911224e+02 3.560685348510742188e+01 9.841090440750122070e-01
-1.124999959766864777e+02 3.522803115844726562e+01 7.378851175308227539e-01
-1.114999959170818329e+02 3.524242782592773438e+01 8.411973714828491211e-01
-1.104999958574771881e+02 3.456725692749023438e+01 1.061409235000610352e+00
-1.094999957978725291e+02 3.489790725708007812e+01 7.648975849151611328e-01
-1.084999957382678986e+02 3.510911941528320312e+01 1.310428977012634277e+00
-1.074999956786632538e+02 3.432670593261718750e+01 1.250258684158325195e+00
-1.064999956190586090e+02 3.405281448364257812e+01 1.659719705581665039e+00
-1.054999955594539642e+02 3.377153778076171875e+01 1.244123697280883789e+00
-1.044999954998493195e+02 3.471148300170898438e+01 6.541548371315002441e-01
-1.034999954402446747e+02 3.492742156982421875e+01 7.844022512435913086e-01
-1.024999953806400299e+02 3.460857772827148438e+01 5.429894328117370605e-01
-1.014999953210353851e+02 3.409206008911132812e+01 1.134763956069946289e+00
-1.004999952614307404e+02 3.450051879882812500e+01 7.919401526451110840e-01
-9.949999520182609558e+01 3.474990844726562500e+01 9.839574098587036133e-01
-9.849999514222145081e+01 3.504066085815429688e+01 5.174739360809326172e-01
-9.749999508261680603e+01 3.432501983642578125e+01 3.559595346450805664e-01
-9.649999502301216125e+01 3.499337005615234375e+01 7.465903162956237793e-01
-9.549999496340751648e+01 3.474325942993164062e+01 1.278356432914733887e+00
-9.449999490380287170e+01 3.428446197509765625e+01 1.330888032913208008e+00
-9.349999484419822693e+01 3.591297149658203125e+01 9.959416985511779785e-01
-9.249999478459358215e+01 3.466157531738281250e+01 1.549093723297119141e+00
-9.149999472498893738e+01 3.499529266357421875e+01 9.977829456329345703e-01
-9.049999466538429260e+01 3.593001556396484375e+01 1.019496083259582520e+00
-8.949999460577964783e+01 3.562528610229492188e+01 1.320016503334045410e+00
-8.849999454617500305e+01 3.865438461303710938e+01 2.030489921569824219e+00
-8.749999448657035828e+01 3.721364974975585938e+01 1.391913056373596191e+00
-8.649999442696571350e+01 3.575347137451171875e+01 7.023425698280334473e-01
-8.549999436736106873e+01 3.513782501220703125e+01 4.775098264217376709e-01
-8.449999430775642395e+01 3.547828292846679688e+01 1.095504283905029297e+00
-8.349999424815177917e+01 3.502679824829101562e+01 3.968903422355651855e-01
-8.249999418854713440e+01 3.503281784057617188e+01 1.006289243698120117e+00
-8.149999412894248962e+01 3.484621429443359375e+01 1.098273992538452148e+00
-8.049999406933784485e+01 3.603783035278320312e+01 1.042305469512939453e+00
-7.949999400973320007e+01 3.430966949462890625e+01 8.032131791114807129e-01
-7.849999395012855530e+01 3.528524780273437500e+01 9.759125709533691406e-01
-7.749999389052391052e+01 3.457273101806640625e+01 7.215259075164794922e-01
-7.649999383091926575e+01 3.459873962402343750e+01 8.063674569129943848e-01
-7.549999377131462097e+01 3.499790191650390625e+01 1.141908884048461914e+00
-7.449999371170997620e+01 3.423897933959960938e+01 9.401127696037292480e-01
-7.349999365210533142e+01 3.574520111083984375e+01 1.509947896003723145e+00
-7.249999359250068665e+01 3.566047286987304688e+01 7.541861534118652344e-01
-7.149999353289604187e+01 3.501997756958007812e+01 9.028950333595275879e-01
-7.049999347329139709e+01 3.652212142944335938e+01 6.364145874977111816e-01
-6.949999341368675232e+01 3.656262207031250000e+01 5.408741235733032227e-01
-6.849999335408210754e+01 3.714890670776367188e+01 6.287769675254821777e-01
-6.749999329447746277e+01 3.675461959838867188e+01 9.346626996994018555e-01
-6.649999323487281799e+01 3.655235290527343750e+01 1.443233013153076172e+00
-6.549999317526817322e+01 3.678281402587890625e+01 1.660803079605102539e+00
-6.449999311566352844e+01 3.658105850219726562e+01 7.148637771606445312e-01
-6.349999305605889788e+01 3.570749282836914062e+01 1.575973272323608398e+00
-6.249999299645424600e+01 3.538309097290039062e+01 1.837435126304626465e+00
-6.149999293684959412e+01 3.571483230590820312e+01 1.209238052368164062e+00
-6.049999287724494224e+01 3.555357742309570312e+01 6.952793598175048828e-01
-5.949999281764031167e+01 3.553694152832031250e+01 8.269001245498657227e-01
-5.849999275803565979e+01 3.534944915771484375e+01 1.178782463073730469e+00
-5.749999269843100791e+01 3.679175567626953125e+01 1.396091222763061523e+00
-5.649999263882638445e+01 3.689798736572265625e+01 1.659150004386901855e+00
-5.549999257922173257e+01 3.640544509887695312e+01 8.680177330970764160e-01
-5.449999251961708069e+01 3.545399475097656250e+01 7.590825557708740234e-01
-5.349999246001242881e+01 3.562157440185546875e+01 8.768886327743530273e-01
-5.249999240040779824e+01 3.542766571044921875e+01 7.194189429283142090e-01
-5.149999234080314636e+01 3.380712127685546875e+01 8.424049019813537598e-01
-5.049999228119849448e+01 3.358516693115234375e+01 1.065360784530639648e+00
-4.949999222159387102e+01 3.451524353027343750e+01 7.161273956298828125e-01
-4.849999216198921914e+01 3.487836456298828125e+01 1.160125017166137695e+00
-4.749999210238456726e+01 3.462977218627929688e+01 1.218381404876708984e+00
-4.649999204277991538e+01 3.487210464477539062e+01 9.233255982398986816e-01
-4.549999198317528482e+01 3.507874679565429688e+01 9.674532413482666016e-01
-4.449999192357063293e+01 3.469927597045898438e+01 9.790096879005432129e-01
-4.349999186396598105e+01 3.270462036132812500e+01 1.075789809226989746e+00
-4.249999180436135759e+01 3.408513641357421875e+01 1.021960496902465820e+00
-4.149999174475670571e+01 3.383096694946289062e+01 1.356608152389526367e+00
-4.049999168515205383e+01 3.373180770874023438e+01 1.120285511016845703e+00
-3.949999162554740195e+01 3.490152740478515625e+01 5.914897322654724121e-01
-3.849999156594277139e+01 3.438538360595703125e+01 8.608808517456054688e-01
-3.749999150633811951e+01 3.539429855346679688e+01 1.180256366729736328e+00
-3.649999144673346763e+01 3.394836044311523438e+01 1.348727703094482422e+00
-3.549999138712884417e+01 3.443688583374023438e+01 1.064410328865051270e+00
-3.449999132752419229e+01 3.467340469360351562e+01 8.730012774467468262e-01
-3.349999126791954041e+01 3.383441162109375000e+01 1.040290117263793945e+00
-3.249999120831488852e+01 3.407421112060546875e+01 9.867213368415832520e-01
-3.149999114871025796e+01 3.477993774414062500e+01 7.180448174476623535e-01
-3.049999108910560608e+01 3.515980911254882812e+01 1.036698222160339355e+00
-2.949999102950095420e+01 3.495847702026367188e+01 1.244541525840759277e+00
-2.849999096989632719e+01 3.499955368041992188e+01 1.098379492759704590e+00
-2.749999091029167531e+01 3.405097961425781250e+01 1.114554882049560547e+00
-2.649999085068702342e+01 3.481354904174804688e+01 9.293888807296752930e-01
-2.549999079108239641e+01 3.491948699951171875e+01 4.998252987861633301e-01
-2.449999073147774453e+01 3.482276535034179688e+01 8.659246563911437988e-01
-2.349999067187309265e+01 3.565346908569335938e+01 1.118154764175415039e+00
-2.249999061226844077e+01 3.448646926879882812e+01 1.054800391197204590e+00
-2.149999055266381376e+01 3.451253890991210938e+01 9.287357330322265625e-01
-2.049999049305916188e+01 3.583500671386718750e+01 7.609261870384216309e-01
-1.949999043345451000e+01 3.624475860595703125e+01 1.768774986267089844e+00
-1.849999037384988299e+01 3.765810775756835938e+01 2.215180158615112305e+00
-1.749999031424523110e+01 3.745273208618164062e+01 2.508052110671997070e+00
-1.649999025464057922e+01 3.638613510131835938e+01 1.426183581352233887e+00
-1.549999019503592734e+01 3.612081909179687500e+01 1.221972107887268066e+00
-1.449999013543130033e+01 3.619389343261718750e+01 1.114790678024291992e+00
-1.349999007582664845e+01 3.515047836303710938e+01 1.715982198715209961e+00
-1.249999001622199657e+01 3.610375595092773438e+01 1.086477041244506836e+00
-1.149998995661736956e+01 3.830687713623046875e+01 1.598103404045104980e+00
-1.049998989701271768e+01 3.957593154907226562e+01 1.366415023803710938e+00
-9.499989837408065796e+00 4.126840591430664062e+01 1.083883762359619141e+00
-8.499989777803413915e+00 4.257982635498046875e+01 1.613676786422729492e+00
-7.499989718198786903e+00 4.148851776123046875e+01 1.355506420135498047e+00
-6.499989658594135022e+00 4.083326339721679688e+01 1.219131708145141602e+00
-5.499989598989483142e+00 4.179563522338867188e+01 1.806244254112243652e+00
-4.499989539384856130e+00 4.129148101806640625e+01 2.012539386749267578e+00
-3.499989479780204249e+00 4.295835113525390625e+01 2.353200912475585938e+00
-2.499989420175551924e+00 4.326540374755859375e+01 2.332740545272827148e+00
-1.499989360570899821e+00 4.561831665039062500e+01 2.632941007614135742e+00
-4.999893009662732535e-01 4.731347656250000000e+01 3.881266355514526367e+00
5.000107586383788494e-01 0.000000000000000000e+00 0.000000000000000000e+00
1.500010818243030952e+00 0.000000000000000000e+00 0.000000000000000000e+00
2.500010877847657742e+00 0.000000000000000000e+00 0.000000000000000000e+00
3.500010937452309623e+00 6.649222564697265625e+01 1.707294464111328125e+01
4.500010997056961948e+00 6.464964294433593750e+01 1.505453681945800781e+01
5.500011056661613829e+00 5.998723602294921875e+01 9.161392211914062500e+00
6.500011116266240840e+00 5.455977630615234375e+01 6.454870223999023438e+00
7.500011175870892721e+00 4.731346511840820312e+01 3.931086540222167969e+00
8.500011235475545490e+00 4.450901031494140625e+01 3.208135128021240234e+00
9.500011295080170726e+00 4.305128860473632812e+01 1.621541857719421387e+00
1.050001135468482261e+01 4.109490966796875000e+01 1.335301041603088379e+00
1.150001141428947626e+01 4.025197601318359375e+01 1.161679744720458984e+00
1.250001147389410150e+01 3.909884262084960938e+01 1.436721444129943848e+00
1.350001153349875338e+01 3.869403457641601562e+01 1.243714332580566406e+00
1.450001159310340704e+01 3.834180831909179688e+01 1.033707976341247559e+00
1.550001165270805892e+01 3.790050125122070312e+01 1.302015900611877441e+00
1.650001171231268415e+01 3.748987579345703125e+01 1.839569687843322754e+00
1.750001177191733603e+01 3.821792221069335938e+01 1.258618712425231934e+00
1.850001183152198792e+01 3.720003509521484375e+01 1.658495068550109863e+00
1.950001189112661493e+01 3.775427246093750000e+01 1.968273639678955078e+00
2.050001195073126681e+01 3.684814453125000000e+01 2.261266708374023438e+00
2.150001201033591869e+01 3.771587753295898438e+01 1.850425958633422852e+00
2.250001206994057057e+01 3.783088302612304688e+01 1.258934855461120605e+00
2.350001212954519758e+01 3.786142349243164062e+01 1.759025692939758301e+00
2.450001218914984946e+01 3.671908569335937500e+01 1.203531861305236816e+00
2.550001224875450134e+01 3.670093154907226562e+01 1.072467446327209473e+00
2.650001230835912835e+01 3.615715789794921875e+01 1.650076270103454590e+00
2.750001236796378024e+01 3.590352630615234375e+01 9.974396228790283203e-01
2.850001242756843212e+01 3.611684417724609375e+01 8.063393235206604004e-01
2.950001248717308400e+01 3.537709808349609375e+01 7.610012292861938477e-01
3.050001254677771101e+01 3.510259628295898438e+01 8.890999555587768555e-01
3.150001260638236289e+01 3.429931640625000000e+01 1.012945175170898438e+00
3.250001266598701477e+01 3.542267608642578125e+01 1.308056473731994629e+00
3.350001272559164534e+01 3.475736236572265625e+01 1.315818190574645996e+00
3.450001278519629722e+01 3.505767059326171875e+01 1.112398147583007812e+00
3.550001284480094910e+01 3.469145584106445312e+01 1.414740562438964844e+00
3.650001290440560098e+01 3.475944900512695312e+01 6.909297704696655273e-01
3.750001296401022444e+01 3.636347579956054688e+01 8.873084783554077148e-01
3.850001302361487632e+01 3.624637222290039062e+01 6.515358090400695801e-01
3.950001308321952820e+01 3.465114212036132812e+01 1.044654011726379395e+00
4.050001314282415876e+01 3.548559951782226562e+01 1.125032186508178711e+00
4.150001320242881064e+01 3.540892791748046875e+01 9.450289011001586914e-01
4.250001326203346252e+01 3.643508148193359375e+01 1.156478762626647949e+00
4.350001332163811441e+01 3.598173141479492188e+01 5.191197991371154785e-01
4.450001338124273786e+01 3.589762878417968750e+01 1.271302580833435059e+00
4.550001344084738975e+01 3.610562896728515625e+01 1.124368309974670410e+00
4.650001350045204163e+01 3.612061691284179688e+01 8.816999197006225586e-01
4.750001356005667219e+01 3.741986083984375000e+01 1.009455323219299316e+00
4.850001361966132407e+01 3.734030532836914062e+01 1.194029450416564941e+00
4.950001367926597595e+01 3.779597091674804688e+01 1.907600760459899902e+00
5.050001373887062783e+01 3.862980270385742188e+01 1.880838036537170410e+00
5.150001379847527971e+01 3.889471817016601562e+01 7.658149600028991699e-01
5.250001385807988186e+01 3.899837875366210938e+01 1.135802388191223145e+00
5.350001391768453374e+01 4.046791458129882812e+01 1.715057253837585449e+00
5.450001397728918562e+01 4.339868164062500000e+01 3.001776218414306641e+00
5.550001403689383750e+01 4.369771957397460938e+01 3.174208402633666992e+00
5.650001409649848938e+01 4.398344802856445312e+01 3.903781175613403320e+00
5.750001415610314126e+01 4.409967422485351562e+01 4.064503192901611328e+00
5.850001421570779314e+01 4.404580307006835938e+01 5.235672473907470703e+00
5.950001427531239528e+01 4.371977996826171875e+01 3.919829130172729492e+00
6.050001433491704717e+01 4.354200363159179688e+01 4.358306884765625000e+00
6.150001439452169905e+01 4.411519241333007812e+01 3.395722866058349609e+00
6.250001445412635093e+01 4.327332687377929688e+01 2.527323484420776367e+00
6.350001451373100281e+01 4.198729324340820312e+01 1.246065855026245117e+00
6.450001457333564758e+01 3.941930389404296875e+01 7.885145545005798340e-01
6.550001463294030657e+01 3.798830795288085938e+01 1.181632995605468750e+00
6.650001469254490871e+01 3.769293212890625000e+01 1.437523365020751953e+00
6.750001475214955349e+01 3.713179779052734375e+01 1.004498958587646484e+00
6.850001481175421247e+01 3.614332962036132812e+01 4.954192340373992920e-01
6.950001487135885725e+01 3.613457870483398438e+01 6.767877936363220215e-01
7.050001493096351624e+01 3.539966583251953125e+01 4.984296560287475586e-01
7.150001499056816101e+01 3.657138442993164062e+01 6.789263486862182617e-01
7.250001505017282000e+01 3.600397872924804688e+01 1.090413689613342285e+00
7.350001510977742214e+01 3.578516006469726562e+01 1.264036774635314941e+00
7.450001516938206692e+01 3.457729721069335938e+01 1.156760692596435547e+00
7.550001522898672590e+01 3.541092300415039062e+01 1.338093757629394531e+00
7.650001528859137068e+01 3.501869964599609375e+01 1.792670369148254395e+00
7.750001534819602966e+01 3.565883636474609375e+01 1.291973471641540527e+00
7.850001540780068865e+01 3.455727767944335938e+01 9.233143925666809082e-01
7.950001546740533342e+01 3.371810531616210938e+01 8.906374573707580566e-01
8.050001552700993557e+01 3.423973464965820312e+01 9.819511771202087402e-01
8.150001558661458034e+01 3.450580215454101562e+01 1.689591526985168457e+00
8.250001564621923933e+01 3.301609802246093750e+01 8.863440752029418945e-01
8.350001570582388410e+01 3.059153175354003906e+01 1.564583778381347656e+00
8.450001576542854309e+01 3.006573486328125000e+01 8.392874002456665039e-01
8.550001582503320208e+01 3.084416198730468750e+01 9.226721525192260742e-01
8.650001588463784685e+01 3.025646400451660156e+01 1.026489973068237305e+00
8.750001594424244900e+01 2.998251342773437500e+01 1.020495533943176270e+00
8.850001600384709377e+01 4.187939643859863281e+00 4.946614503860473633e-01
8.950001606345175276e+01 1.229601860046386719e+00 1.684592664241790771e-01
9.050001612305641174e+01 2.379990959167480469e+01 1.047520041465759277e+00
9.150001618266105652e+01 3.127273368835449219e+01 7.571206688880920410e-01
9.250001624226571550e+01 3.353373718261718750e+01 1.027292847633361816e+00
9.350001630187036028e+01 3.332891464233398438e+01 1.688398241996765137e+00
9.450001636147496242e+01 3.748962783813476562e+01 1.704129815101623535e+00
9.550001642107962141e+01 3.814456176757812500e+01 7.888962626457214355e-01
9.650001648068426618e+01 3.751520919799804688e+01 8.446366190910339355e-01
9.750001654028892517e+01 3.890767288208007812e+01 1.223650693893432617e+00
9.850001659989356995e+01 3.924032211303710938e+01 9.263347387313842773e-01
9.950001665949822893e+01 3.809629440307617188e+01 6.937297582626342773e-01
1.005000167191028737e+02 3.840639114379882812e+01 4.969658255577087402e-01
1.015000167787074759e+02 3.886635589599609375e+01 7.263265252113342285e-01
1.025000168383121348e+02 3.925823593139648438e+01 1.187420368194580078e+00
1.035000168979167796e+02 3.929327774047851562e+01 1.552703857421875000e+00
1.045000169575214386e+02 3.959819412231445312e+01 1.277758836746215820e+00
1.055000170171260834e+02 4.006632232666015625e+01 8.010470867156982422e-01
1.065000170767307424e+02 4.125896835327148438e+01 9.442811608314514160e-01
1.075000171363353871e+02 4.169142532348632812e+01 1.600405573844909668e+00
1.085000171959399893e+02 4.309543991088867188e+01 1.154050350189208984e+00
1.095000172555446483e+02 4.523599243164062500e+01 2.427696228027343750e+00
1.105000173151492930e+02 4.778054428100585938e+01 3.209283113479614258e+00
1.115000173747539520e+02 4.977021026611328125e+01 4.420948982238769531e+00
1.125000174343585968e+02 5.052915573120117188e+01 4.235305309295654297e+00
1.135000174939632558e+02 4.992516326904296875e+01 4.693596363067626953e+00
1.145000175535679006e+02 4.898180770874023438e+01 4.187017440795898438e+00
1.155000176131725027e+02 4.640243911743164062e+01 3.040660381317138672e+00
1.165000176727771617e+02 4.373647689819335938e+01 2.750997066497802734e+00
1.175000177323818065e+02 4.251198959350585938e+01 1.660980701446533203e+00
1.185000177919864655e+02 4.182941436767578125e+01 2.287081718444824219e+00
1.195000178515911102e+02 4.009545898437500000e+01 1.065074324607849121e+00
1.205000179111957692e+02 4.015518188476562500e+01 8.652920126914978027e-01
1.215000179708003714e+02 3.916841506958007812e+01 1.275000214576721191e+00
1.225000180304050161e+02 3.921911239624023438e+01 1.535617828369140625e+00
1.235000180900096751e+02 3.956650161743164062e+01 2.014682292938232422e+00
1.245000181496143199e+02 3.949161911010742188e+01 1.619501590728759766e+00
1.255000182092189789e+02 4.030206298828125000e+01 1.176108002662658691e+00
1.265000182688236237e+02 4.067115020751953125e+01 1.193979620933532715e+00
1.275000183284282826e+02 3.937549591064453125e+01 9.428156614303588867e-01
1.285000183880328848e+02 3.843265914916992188e+01 9.326483011245727539e-01
1.295000184476375296e+02 3.785190963745117188e+01 6.544424295425415039e-01
1.305000185072421743e+02 3.764687347412109375e+01 6.183067560195922852e-01
1.315000185668468475e+02 3.675646209716796875e+01 9.660620093345642090e-01
1.325000186264514923e+02 3.702546310424804688e+01 1.045942664146423340e+00
1.335000186860561371e+02 3.793142318725585938e+01 1.637478232383728027e+00
1.345000187456607819e+02 3.646805953979492188e+01 1.411847114562988281e+00
1.355000188052653982e+02 3.781670761108398438e+01 1.235070228576660156e+00
1.365000188648700430e+02 3.843421173095703125e+01 1.463952422142028809e+00
1.375000189244746878e+02 3.841040420532226562e+01 1.384937763214111328e+00
1.385000189840793610e+02 3.734200286865234375e+01 1.444268226623535156e+00
1.395000190436840057e+02 3.810800933837890625e+01 1.500410556793212891e+00
1.405000191032886505e+02 3.691189193725585938e+01 7.767631411552429199e-01
1.415000191628932953e+02 3.646395492553710938e+01 3.697080910205841064e-01
1.425000192224979116e+02 3.602144622802734375e+01 6.073504686355590820e-01
1.435000192821025564e+02 3.667795181274414062e+01 8.738047480583190918e-01
1.445000193417072012e+02 3.762997817993164062e+01 5.978237986564636230e-01
1.455000194013118744e+02 3.706993865966796875e+01 7.105697393417358398e-01
1.465000194609165192e+02 3.713181686401367188e+01 7.612752318382263184e-01
1.475000195205211639e+02 3.701744842529296875e+01 1.050565481185913086e+00
1.485000195801258087e+02 3.869149780273437500e+01 1.197551846504211426e+00
1.495000196397304251e+02 3.939441680908203125e+01 2.171220302581787109e+00
1.505000196993350698e+02 3.959991455078125000e+01 1.894538879394531250e+00
1.515000197589397146e+02 3.876215362548828125e+01 1.348038792610168457e+00
1.525000198185443878e+02 3.824084472656250000e+01 1.253680586814880371e+00
1.535000198781490326e+02 3.791210174560546875e+01 9.669662117958068848e-01
1.545000199377536774e+02 3.805387115478515625e+01 7.419151067733764648e-01
1.555000199973583221e+02 3.740560150146484375e+01 6.430037021636962891e-01
1.565000200569629385e+02 3.694792556762695312e+01 1.531769871711730957e+00
1.575000201165675833e+02 3.710958862304687500e+01 4.419046044349670410e-01
1.585000201761722280e+02 3.769858932495117188e+01 1.095102310180664062e+00
1.595000202357769012e+02 3.639902496337890625e+01 7.078393697738647461e-01
1.605000202953815460e+02 3.708011627197265625e+01 1.279118180274963379e+00
1.615000203549861908e+02 3.629304885864257812e+01 1.550354480743408203e+00
1.625000204145908356e+02 3.669129562377929688e+01 9.039264917373657227e-01
1.635000204741954519e+02 3.638784027099609375e+01 8.512124419212341309e-01
1.645000205338000967e+02 3.619778060913085938e+01 5.706855058670043945e-01
1.655000205934047415e+02 3.702328491210937500e+01 4.228087961673736572e-01
1.665000206530094147e+02 3.657032394409179688e+01 1.358425498008728027e+00
1.675000207126140594e+02 3.726683807373046875e+01 9.279765486717224121e-01
1.685000207722187042e+02 3.794950485229492188e+01 1.198965311050415039e+00
1.695000208318233490e+02 3.739575958251953125e+01 6.194593310356140137e-01
1.705000208914279654e+02 3.831284713745117188e+01 1.502789855003356934e+00
1.715000209510326101e+02 3.886648559570312500e+01 1.170781970024108887e+00
1.725000210106372549e+02 3.817546844482421875e+01 7.426166534423828125e-01
1.735000210702419281e+02 3.765480422973632812e+01 8.957177996635437012e-01
1.745000211298465729e+02 3.872158432006835938e+01 2.011809825897216797e+00
1.755000211894512177e+02 3.864484405517578125e+01 2.531776666641235352e+00
1.765000212490558624e+02 3.796334457397460938e+01 1.620748639106750488e+00
1.775000213086604788e+02 0.000000000000000000e+00 0.000000000000000000e+00
1.785000213682651236e+02 0.000000000000000000e+00 0.000000000000000000e+00
1.795000214278697968e+02 0.000000000000000000e+00 0.000000000000000000e+00
