gamma  mean  std
-1.794999999701976776e+02 4.893587875366210938e+01 1.980435967445373535e+00
-1.784999999105930328e+02 4.888615798950195312e+01 1.074597954750061035e+00
-1.774999998509883881e+02 4.862293243408203125e+01 6.939669847488403320e-01
-1.764999997913837433e+02 4.918588638305664062e+01 1.082963347434997559e+00
-1.754999997317790985e+02 4.979747772216796875e+01 1.300863862037658691e+00
-1.744999996721744253e+02 4.883810424804687500e+01 1.104677081108093262e+00
-1.734999996125698090e+02 4.962477493286132812e+01 7.471438050270080566e-01
-1.724999995529651642e+02 4.910312271118164062e+01 1.066003799438476562e+00
-1.714999994933605194e+02 4.969416427612304688e+01 1.676148176193237305e+00
-1.704999994337558746e+02 4.945724487304687500e+01 1.072715163230895996e+00
-1.694999993741512299e+02 4.877415084838867188e+01 1.827348232269287109e+00
-1.684999993145465851e+02 4.977270126342773438e+01 1.668871283531188965e+00
-1.674999992549419403e+02 5.016055679321289062e+01 1.601088047027587891e+00
-1.664999991953372955e+02 5.053744888305664062e+01 1.193880200386047363e+00
-1.654999991357326508e+02 4.908591079711914062e+01 1.730191588401794434e+00
-1.644999990761280060e+02 4.927246475219726562e+01 1.704515814781188965e+00
-1.634999990165233612e+02 4.900281524658203125e+01 1.175208687782287598e+00
-1.624999989569187164e+02 4.834622192382812500e+01 2.274191617965698242e+00
-1.614999988973140717e+02 4.953230667114257812e+01 1.004636049270629883e+00
-1.604999988377094269e+02 4.937177658081054688e+01 1.347302079200744629e+00
-1.594999987781047821e+02 4.940679550170898438e+01 7.864562273025512695e-01
-1.584999987185001373e+02 4.924539947509765625e+01 8.961070775985717773e-01
-1.574999986588954926e+02 4.875405502319335938e+01 1.425710439682006836e+00
-1.564999985992908478e+02 4.861871337890625000e+01 1.544021487236022949e+00
-1.554999985396862030e+02 4.779629135131835938e+01 5.945842266082763672e-01
-1.544999984800815582e+02 4.824460601806640625e+01 1.057154297828674316e+00
-1.534999984204769135e+02 4.825085830688476562e+01 1.285628199577331543e+00
-1.524999983608722687e+02 4.874704360961914062e+01 8.317331075668334961e-01
-1.514999983012676239e+02 4.830172348022460938e+01 1.188963770866394043e+00
-1.504999982416629791e+02 4.886891555786132812e+01 1.761709451675415039e+00
-1.494999981820583344e+02 4.955544662475585938e+01 1.511219382286071777e+00
-1.484999981224536896e+02 4.957675933837890625e+01 1.234602212905883789e+00
-1.474999980628490448e+02 4.856043243408203125e+01 1.821519136428833008e+00
-1.464999980032444000e+02 4.973684310913085938e+01 1.197359681129455566e+00
-1.454999979436397552e+02 4.951687240600585938e+01 1.168522477149963379e+00
-1.444999978840351105e+02 4.937548446655273438e+01 1.056847453117370605e+00
-1.434999978244304657e+02 5.045233917236328125e+01 1.481028556823730469e+00
-1.424999977648258209e+02 4.999303817749023438e+01 9.244300127029418945e-01
-1.414999977052211761e+02 5.040552139282226562e+01 1.041073918342590332e+00
-1.404999976456165314e+02 4.950732421875000000e+01 1.485935449600219727e+00
-1.394999975860118866e+02 5.007788848876953125e+01 1.060025095939636230e+00
-1.384999975264072418e+02 4.973901748657226562e+01 1.062273263931274414e+00
-1.374999974668025970e+02 4.798399734497070312e+01 9.886161088943481445e-01
-1.364999974071979523e+02 4.929238510131835938e+01 1.265290498733520508e+00
-1.354999973475933075e+02 4.892205047607421875e+01 4.522427618503570557e-01
-1.344999972879886627e+02 4.918492889404296875e+01 1.098580241203308105e+00
-1.334999972283840179e+02 4.848764801025390625e+01 1.547993063926696777e+00
-1.324999971687793732e+02 4.783498764038085938e+01 1.662192106246948242e+00
-1.314999971091747284e+02 4.844658279418945312e+01 1.043048262596130371e+00
-1.304999970495700836e+02 4.786134719848632812e+01 9.097824096679687500e-01
-1.294999969899654388e+02 4.808599853515625000e+01 9.164456129074096680e-01
-1.284999969303607941e+02 4.901094818115234375e+01 8.865856528282165527e-01
-1.274999968707561493e+02 4.863180160522460938e+01 1.976386308670043945e+00
-1.264999968111514903e+02 4.749327850341796875e+01 1.443660020828247070e+00
-1.254999967515468740e+02 4.796744155883789062e+01 2.095783472061157227e+00
-1.244999966919422150e+02 4.689899826049804688e+01 5.566684007644653320e-01
-1.234999966323375702e+02 4.726333236694335938e+01 9.852956533432006836e-01
-1.224999965727329112e+02 4.775847625732421875e+01 1.251945734024047852e+00
-1.214999965131282806e+02 4.727738189697265625e+01 7.025839686393737793e-01
-1.204999964535236359e+02 4.674424362182617188e+01 1.388243675231933594e+00
-1.194999963939190053e+02 4.684410476684570312e+01 1.212265491485595703e+00
-1.184999963343143605e+02 4.645232009887695312e+01 9.078385829925537109e-01
-1.174999962747097015e+02 4.775435638427734375e+01 1.116627454757690430e+00
-1.164999962151050568e+02 4.739146804809570312e+01 1.428213357925415039e+00
-1.154999961555003978e+02 4.793571853637695312e+01 1.203142404556274414e+00
-1.144999960958957672e+02 4.716765213012695312e+01 8.307695984840393066e-01
-1.134999960362911224e+02 4.704267120361328125e+01 9.237239956855773926e-01
-1.124999959766864777e+02 4.644189453125000000e+01 1.150885224342346191e+00
-1.114999959170818329e+02 4.766660690307617188e+01 1.584173321723937988e+00
-1.104999958574771881e+02 4.620730972290039062e+01 9.620705842971801758e-01
-1.094999957978725291e+02 4.662183761596679688e+01 1.148558855056762695e+00
-1.084999957382678986e+02 4.734303665161132812e+01 1.024936556816101074e+00
-1.074999956786632538e+02 4.731340789794921875e+01 6.250926852226257324e-01
-1.064999956190586090e+02 4.604943847656250000e+01 1.281171917915344238e+00
-1.054999955594539642e+02 4.613033294677734375e+01 1.244990348815917969e+00
-1.044999954998493195e+02 4.639482498168945312e+01 1.199344515800476074e+00
-1.034999954402446747e+02 4.646677398681640625e+01 1.386285185813903809e+00
-1.024999953806400299e+02 4.739151382446289062e+01 1.250147223472595215e+00
-1.014999953210353851e+02 4.731103134155273438e+01 1.921127319335937500e+00
-1.004999952614307404e+02 4.632287979125976562e+01 2.014223337173461914e+00
-9.949999520182609558e+01 4.657427215576171875e+01 1.332780718803405762e+00
-9.849999514222145081e+01 4.665117645263671875e+01 1.438095092773437500e+00
-9.749999508261680603e+01 4.714889526367187500e+01 1.257404804229736328e+00
-9.649999502301216125e+01 4.752912139892578125e+01 8.294060826301574707e-01
-9.549999496340751648e+01 4.637438201904296875e+01 8.121336102485656738e-01
-9.449999490380287170e+01 4.699109268188476562e+01 1.021209239959716797e+00
-9.349999484419822693e+01 4.658780288696289062e+01 1.502417802810668945e+00
-9.249999478459358215e+01 4.650646209716796875e+01 1.016207456588745117e+00
-9.149999472498893738e+01 4.689294433593750000e+01 1.017635703086853027e+00
-9.049999466538429260e+01 4.623441696166992188e+01 9.943782091140747070e-01
-8.949999460577964783e+01 4.437349700927734375e+01 1.340192556381225586e+00
-8.849999454617500305e+01 4.703374099731445312e+01 1.494442343711853027e+00
-8.749999448657035828e+01 4.632538604736328125e+01 9.225531816482543945e-01
-8.649999442696571350e+01 4.724992752075195312e+01 1.244785070419311523e+00
-8.549999436736106873e+01 4.610789871215820312e+01 1.428148150444030762e+00
-8.449999430775642395e+01 4.615548324584960938e+01 1.173222541809082031e+00
-8.349999424815177917e+01 4.711006927490234375e+01 4.822480380535125732e-01
-8.249999418854713440e+01 4.670087432861328125e+01 9.935602545738220215e-01
-8.149999412894248962e+01 4.645071792602539062e+01 1.161466240882873535e+00
-8.049999406933784485e+01 4.695368194580078125e+01 1.200610756874084473e+00
-7.949999400973320007e+01 4.643294143676757812e+01 7.486156225204467773e-01
-7.849999395012855530e+01 4.563365554809570312e+01 1.104254126548767090e+00
-7.749999389052391052e+01 4.632970046997070312e+01 9.412565827369689941e-01
-7.649999383091926575e+01 4.715923690795898438e+01 1.474793434143066406e+00
-7.549999377131462097e+01 4.618009567260742188e+01 1.157089233398437500e+00
-7.449999371170997620e+01 4.660416793823242188e+01 6.439483165740966797e-01
-7.349999365210533142e+01 4.572628402709960938e+01 1.235963940620422363e+00
-7.249999359250068665e+01 4.691909408569335938e+01 1.367817640304565430e+00
-7.149999353289604187e+01 4.596524047851562500e+01 1.688703417778015137e+00
-7.049999347329139709e+01 4.647394561767578125e+01 1.767694830894470215e+00
-6.949999341368675232e+01 4.614691162109375000e+01 1.440293073654174805e+00
-6.849999335408210754e+01 4.700377273559570312e+01 5.850818753242492676e-01
-6.749999329447746277e+01 4.637509536743164062e+01 2.125087022781372070e+00
-6.649999323487281799e+01 4.731232452392578125e+01 1.443981409072875977e+00
-6.549999317526817322e+01 4.631884765625000000e+01 9.273708462715148926e-01
-6.449999311566352844e+01 4.584570312500000000e+01 1.336426496505737305e+00
-6.349999305605889788e+01 4.657380294799804688e+01 1.357816696166992188e+00
-6.249999299645424600e+01 4.610969924926757812e+01 1.294122338294982910e+00
-6.149999293684959412e+01 4.708214950561523438e+01 5.291358828544616699e-01
-6.049999287724494224e+01 4.675009536743164062e+01 2.031144142150878906e+00
-5.949999281764031167e+01 4.592646026611328125e+01 1.289781451225280762e+00
-5.849999275803565979e+01 4.702519989013671875e+01 1.571251869201660156e+00
-5.749999269843100791e+01 4.675225448608398438e+01 8.127803206443786621e-01
-5.649999263882638445e+01 4.657745361328125000e+01 1.889396190643310547e+00
-5.549999257922173257e+01 4.670108413696289062e+01 1.190052866935729980e+00
-5.449999251961708069e+01 4.602369308471679688e+01 1.000217556953430176e+00
-5.349999246001242881e+01 4.664059448242187500e+01 1.020346879959106445e+00
-5.249999240040779824e+01 4.625941085815429688e+01 9.749080538749694824e-01
-5.149999234080314636e+01 4.676257324218750000e+01 7.105003595352172852e-01
-5.049999228119849448e+01 4.583406448364257812e+01 4.726724922657012939e-01
-4.949999222159387102e+01 4.621525192260742188e+01 9.956997632980346680e-01
-4.849999216198921914e+01 4.622285079956054688e+01 1.594516396522521973e+00
-4.749999210238456726e+01 4.602067184448242188e+01 1.484912037849426270e+00
-4.649999204277991538e+01 4.608121490478515625e+01 1.461449384689331055e+00
-4.549999198317528482e+01 4.563806915283203125e+01 1.652521371841430664e+00
-4.449999192357063293e+01 4.592022705078125000e+01 2.271694183349609375e+00
-4.349999186396598105e+01 4.580121612548828125e+01 1.229491710662841797e+00
-4.249999180436135759e+01 4.647637176513671875e+01 1.377999663352966309e+00
-4.149999174475670571e+01 4.642772293090820312e+01 1.724147081375122070e+00
-4.049999168515205383e+01 4.558787155151367188e+01 8.654681444168090820e-01
-3.949999162554740195e+01 4.594286727905273438e+01 1.189604878425598145e+00
-3.849999156594277139e+01 4.739431381225585938e+01 1.341141700744628906e+00
-3.749999150633811951e+01 4.570459747314453125e+01 1.282421708106994629e+00
-3.649999144673346763e+01 4.589226531982421875e+01 9.038305282592773438e-01
-3.549999138712884417e+01 4.613507461547851562e+01 1.150850892066955566e+00
-3.449999132752419229e+01 4.680047988891601562e+01 1.220837593078613281e+00
-3.349999126791954041e+01 4.631952285766601562e+01 1.294483184814453125e+00
-3.249999120831488852e+01 4.718125152587890625e+01 9.113616943359375000e-01
-3.149999114871025796e+01 4.675133895874023438e+01 6.100992560386657715e-01
-3.049999108910560608e+01 4.773729705810546875e+01 1.085784196853637695e+00
-2.949999102950095420e+01 4.703105545043945312e+01 9.523382186889648438e-01
-2.849999096989632719e+01 4.701190567016601562e+01 1.322891473770141602e+00
-2.749999091029167531e+01 4.657038497924804688e+01 1.512301802635192871e+00
-2.649999085068702342e+01 4.720566177368164062e+01 6.827514767646789551e-01
-2.549999079108239641e+01 4.736988449096679688e+01 2.103529453277587891e+00
-2.449999073147774453e+01 4.655964279174804688e+01 1.107816696166992188e+00
-2.349999067187309265e+01 4.668229293823242188e+01 1.156533598899841309e+00
-2.249999061226844077e+01 4.724367904663085938e+01 1.004093885421752930e+00
-2.149999055266381376e+01 4.722261428833007812e+01 1.336083412170410156e+00
-2.049999049305916188e+01 4.636875534057617188e+01 1.132847070693969727e+00
-1.949999043345451000e+01 4.635366058349609375e+01 1.027517437934875488e+00
-1.849999037384988299e+01 4.581674575805664062e+01 1.473810791969299316e+00
-1.749999031424523110e+01 4.604415893554687500e+01 8.998128771781921387e-01
-1.649999025464057922e+01 4.613592910766601562e+01 1.168554902076721191e+00
-1.549999019503592734e+01 4.768137359619140625e+01 8.693700432777404785e-01
-1.449999013543130033e+01 4.625220489501953125e+01 1.161290526390075684e+00
-1.349999007582664845e+01 4.596914672851562500e+01 1.926594138145446777e+00
-1.249999001622199657e+01 4.689203643798828125e+01 1.259523987770080566e+00
-1.149998995661736956e+01 4.556127929687500000e+01 1.320544362068176270e+00
-1.049998989701271768e+01 4.601617431640625000e+01 1.017845034599304199e+00
-9.499989837408065796e+00 4.576915740966796875e+01 1.181227207183837891e+00
-8.499989777803413915e+00 4.600460433959960938e+01 1.418463110923767090e+00
-7.499989718198786903e+00 4.625387191772460938e+01 1.151752591133117676e+00
-6.499989658594135022e+00 4.644557571411132812e+01 1.753340244293212891e+00
-5.499989598989483142e+00 4.648775482177734375e+01 8.542355298995971680e-01
-4.499989539384856130e+00 4.546525192260742188e+01 1.058307409286499023e+00
-3.499989479780204249e+00 4.567757034301757812e+01 1.021871685981750488e+00
-2.499989420175551924e+00 4.541392135620117188e+01 1.049710988998413086e+00
-1.499989360570899821e+00 4.538309478759765625e+01 1.552164912223815918e+00
-4.999893009662732535e-01 4.431218338012695312e+01 2.043858051300048828e+00
5.000107586383788494e-01 0.000000000000000000e+00 0.000000000000000000e+00
1.500010818243030952e+00 0.000000000000000000e+00 0.000000000000000000e+00
2.500010877847657742e+00 0.000000000000000000e+00 0.000000000000000000e+00
3.500010937452309623e+00 4.505018234252929688e+01 1.762011408805847168e+00
4.500010997056961948e+00 4.435696792602539062e+01 1.218984723091125488e+00
5.500011056661613829e+00 4.504713058471679688e+01 6.228010058403015137e-01
6.500011116266240840e+00 4.422116851806640625e+01 8.876375555992126465e-01
7.500011175870892721e+00 4.451666259765625000e+01 9.391123056411743164e-01
8.500011235475545490e+00 4.504529953002929688e+01 7.765049338340759277e-01
9.500011295080170726e+00 4.463607788085937500e+01 1.298818945884704590e+00
1.050001135468482261e+01 4.417062377929687500e+01 9.837180376052856445e-01
1.150001141428947626e+01 4.518603897094726562e+01 2.112489700317382812e+00
1.250001147389410150e+01 4.568978118896484375e+01 9.585696458816528320e-01
1.350001153349875338e+01 4.470297241210937500e+01 1.080043911933898926e+00
1.450001159310340704e+01 4.591874313354492188e+01 1.392726182937622070e+00
1.550001165270805892e+01 4.549848556518554688e+01 1.165395498275756836e+00
1.650001171231268415e+01 4.445910644531250000e+01 7.421127557754516602e-01
1.750001177191733603e+01 4.562840652465820312e+01 1.331153035163879395e+00
1.850001183152198792e+01 4.527043533325195312e+01 1.447002172470092773e+00
1.950001189112661493e+01 4.494247055053710938e+01 2.263729333877563477e+00
2.050001195073126681e+01 4.604669952392578125e+01 9.370735287666320801e-01
2.150001201033591869e+01 4.554388427734375000e+01 1.070773839950561523e+00
2.250001206994057057e+01 4.624574661254882812e+01 1.483989953994750977e+00
2.350001212954519758e+01 4.673395919799804688e+01 1.163716316223144531e+00
2.450001218914984946e+01 4.611463546752929688e+01 8.419359922409057617e-01
2.550001224875450134e+01 5.059397506713867188e+01 7.033536434173583984e+00
2.650001230835912835e+01 4.624642181396484375e+01 7.909023761749267578e-01
2.750001236796378024e+01 4.722204589843750000e+01 1.544977664947509766e+00
2.850001242756843212e+01 4.530432128906250000e+01 1.076645731925964355e+00
2.950001248717308400e+01 4.656869125366210938e+01 7.530509829521179199e-01
3.050001254677771101e+01 4.586921310424804688e+01 7.165782451629638672e-01
3.150001260638236289e+01 4.605404663085937500e+01 8.542825579643249512e-01
3.250001266598701477e+01 4.595355987548828125e+01 8.970814943313598633e-01
3.350001272559164534e+01 4.440063476562500000e+01 8.220992684364318848e-01
3.450001278519629722e+01 4.411460494995117188e+01 9.941262006759643555e-01
3.550001284480094910e+01 4.392101669311523438e+01 8.323124051094055176e-01
3.650001290440560098e+01 4.536684036254882812e+01 8.964724540710449219e-01
3.750001296401022444e+01 4.556616973876953125e+01 1.191536307334899902e+00
3.850001302361487632e+01 4.433838653564453125e+01 9.517252445220947266e-01
3.950001308321952820e+01 4.516515731811523438e+01 1.763810753822326660e+00
4.050001314282415876e+01 4.563879013061523438e+01 8.260021209716796875e-01
4.150001320242881064e+01 4.485789871215820312e+01 4.486572146415710449e-01
4.250001326203346252e+01 4.508019256591796875e+01 9.614507555961608887e-01
4.350001332163811441e+01 4.514957046508789062e+01 1.335875988006591797e+00
4.450001338124273786e+01 4.463931655883789062e+01 1.052825331687927246e+00
4.550001344084738975e+01 4.486046218872070312e+01 1.190421581268310547e+00
4.650001350045204163e+01 4.433351516723632812e+01 1.412130355834960938e+00
4.750001356005667219e+01 4.565057373046875000e+01 9.870610833168029785e-01
4.850001361966132407e+01 4.465172195434570312e+01 1.292472362518310547e+00
4.950001367926597595e+01 4.381985092163085938e+01 1.372874975204467773e+00
5.050001373887062783e+01 4.556616592407226562e+01 1.235789299011230469e+00
5.150001379847527971e+01 4.486498260498046875e+01 8.528447747230529785e-01
5.250001385807988186e+01 4.461363983154296875e+01 9.856695532798767090e-01
5.350001391768453374e+01 4.549298858642578125e+01 1.762135386466979980e+00
5.450001397728918562e+01 4.555596923828125000e+01 8.668723702430725098e-01
5.550001403689383750e+01 4.463602828979492188e+01 6.762577295303344727e-01
5.650001409649848938e+01 4.470908355712890625e+01 1.144516348838806152e+00
5.750001415610314126e+01 4.530421829223632812e+01 8.361748456954956055e-01
5.850001421570779314e+01 4.511941146850585938e+01 1.648082375526428223e+00
5.950001427531239528e+01 4.485321044921875000e+01 8.163375258445739746e-01
6.050001433491704717e+01 4.489339065551757812e+01 1.187703847885131836e+00
6.150001439452169905e+01 4.444529342651367188e+01 6.617507338523864746e-01
6.250001445412635093e+01 4.476348876953125000e+01 1.267534375190734863e+00
6.350001451373100281e+01 4.490739059448242188e+01 8.671143054962158203e-01
6.450001457333564758e+01 4.508415603637695312e+01 9.352992177009582520e-01
6.550001463294030657e+01 4.462561416625976562e+01 1.209397077560424805e+00
6.650001469254490871e+01 4.479885864257812500e+01 1.739508271217346191e+00
6.750001475214955349e+01 4.512430191040039062e+01 9.346247911453247070e-01
6.850001481175421247e+01 4.496548080444335938e+01 1.072040081024169922e+00
6.950001487135885725e+01 4.356270980834960938e+01 1.332085132598876953e+00
7.050001493096351624e+01 4.448344802856445312e+01 1.208629965782165527e+00
7.150001499056816101e+01 4.476195526123046875e+01 9.278082847595214844e-01
7.250001505017282000e+01 4.433985519409179688e+01 6.592701077461242676e-01
7.350001510977742214e+01 4.496661376953125000e+01 1.718195796012878418e+00
7.450001516938206692e+01 4.378401947021484375e+01 1.254229545593261719e+00
7.550001522898672590e+01 4.438526535034179688e+01 1.820744395256042480e+00
7.650001528859137068e+01 4.301327896118164062e+01 6.541957855224609375e-01
7.750001534819602966e+01 4.348908233642578125e+01 9.708362221717834473e-01
7.850001540780068865e+01 4.428534698486328125e+01 1.251240611076354980e+00
7.950001546740533342e+01 4.398412704467773438e+01 1.187016367912292480e+00
8.050001552700993557e+01 4.455303192138671875e+01 8.910458087921142578e-01
8.150001558661458034e+01 4.396925735473632812e+01 1.592175126075744629e+00
8.250001564621923933e+01 4.220159530639648438e+01 1.357293009757995605e+00
8.350001570582388410e+01 3.787879562377929688e+01 1.035421013832092285e+00
8.450001576542854309e+01 3.625875854492187500e+01 1.176110386848449707e+00
8.550001582503320208e+01 3.635955047607421875e+01 9.930221438407897949e-01
8.650001588463784685e+01 3.720898818969726562e+01 6.391633749008178711e-01
8.750001594424244900e+01 3.566478347778320312e+01 6.382562518119812012e-01
8.850001600384709377e+01 4.824779510498046875e+00 6.915713548660278320e-01
8.950001606345175276e+01 1.469035387039184570e+00 1.478559970855712891e-01
9.050001612305641174e+01 2.679769706726074219e+01 5.189517736434936523e-01
9.150001618266105652e+01 3.531794357299804688e+01 1.365863919258117676e+00
9.250001624226571550e+01 3.590442276000976562e+01 8.742101192474365234e-01
9.350001630187036028e+01 3.817224502563476562e+01 1.096172690391540527e+00
9.450001636147496242e+01 4.298273849487304688e+01 1.453544855117797852e+00
9.550001642107962141e+01 4.394757080078125000e+01 1.417919039726257324e+00
9.650001648068426618e+01 4.398672103881835938e+01 6.205483675003051758e-01
9.750001654028892517e+01 4.509161758422851562e+01 9.305675625801086426e-01
9.850001659989356995e+01 4.485200881958007812e+01 1.437377572059631348e+00
9.950001665949822893e+01 4.491759490966796875e+01 9.483360648155212402e-01
1.005000167191028737e+02 4.488035964965820312e+01 1.332751154899597168e+00
1.015000167787074759e+02 4.367864608764648438e+01 1.690417170524597168e+00
1.025000168383121348e+02 4.503711318969726562e+01 1.277428507804870605e+00
1.035000168979167796e+02 4.464950942993164062e+01 1.298534512519836426e+00
1.045000169575214386e+02 4.499077224731445312e+01 1.167233586311340332e+00
1.055000170171260834e+02 4.501736831665039062e+01 8.236315250396728516e-01
1.065000170767307424e+02 4.518087387084960938e+01 1.081939578056335449e+00
1.075000171363353871e+02 4.578865814208984375e+01 1.007606625556945801e+00
1.085000171959399893e+02 4.628551483154296875e+01 8.169597387313842773e-01
1.095000172555446483e+02 4.574233627319335938e+01 1.109105110168457031e+00
1.105000173151492930e+02 4.483938980102539062e+01 1.417319297790527344e+00
1.115000173747539520e+02 4.633147811889648438e+01 1.612350940704345703e+00
1.125000174343585968e+02 4.625074005126953125e+01 8.320776820182800293e-01
1.135000174939632558e+02 4.675210189819335938e+01 1.507945895195007324e+00
1.145000175535679006e+02 4.604952621459960938e+01 1.498735785484313965e+00
1.155000176131725027e+02 4.629748153686523438e+01 1.013137102127075195e+00
1.165000176727771617e+02 4.741136932373046875e+01 9.738678336143493652e-01
1.175000177323818065e+02 4.685191726684570312e+01 1.229402065277099609e+00
1.185000177919864655e+02 4.786183547973632812e+01 1.356970787048339844e+00
1.195000178515911102e+02 4.703328704833984375e+01 9.457263946533203125e-01
1.205000179111957692e+02 4.663265228271484375e+01 1.025575876235961914e+00
1.215000179708003714e+02 4.650989532470703125e+01 8.956938385963439941e-01
1.225000180304050161e+02 4.640874481201171875e+01 9.794282317161560059e-01
1.235000180900096751e+02 4.686628341674804688e+01 1.697682857513427734e+00
1.245000181496143199e+02 4.729198455810546875e+01 1.196958780288696289e+00
1.255000182092189789e+02 4.758400344848632812e+01 8.778069019317626953e-01
1.265000182688236237e+02 4.742193222045898438e+01 7.498630285263061523e-01
1.275000183284282826e+02 4.736113739013671875e+01 1.013222455978393555e+00
1.285000183880328848e+02 4.758755111694335938e+01 1.235616087913513184e+00
1.295000184476375296e+02 5.576382827758789062e+01 1.114171981811523438e+01
1.305000185072421743e+02 4.831340408325195312e+01 1.704139351844787598e+00
1.315000185668468475e+02 4.810350799560546875e+01 9.219631552696228027e-01
1.325000186264514923e+02 4.769892501831054688e+01 1.314737439155578613e+00
1.335000186860561371e+02 4.831344223022460938e+01 1.789645552635192871e+00
1.345000187456607819e+02 4.870318984985351562e+01 1.452432394027709961e+00
1.355000188052653982e+02 4.807159805297851562e+01 1.066414952278137207e+00
1.365000188648700430e+02 4.756854629516601562e+01 1.223582267761230469e+00
1.375000189244746878e+02 4.861899185180664062e+01 9.238415956497192383e-01
1.385000189840793610e+02 4.800753784179687500e+01 9.534095525741577148e-01
1.395000190436840057e+02 4.844465255737304688e+01 9.956327080726623535e-01
1.405000191032886505e+02 4.828711318969726562e+01 1.626646041870117188e+00
1.415000191628932953e+02 4.735873794555664062e+01 1.806819796562194824e+00
1.425000192224979116e+02 4.865824508666992188e+01 9.629973769187927246e-01
1.435000192821025564e+02 4.811455535888671875e+01 1.046303272247314453e+00
1.445000193417072012e+02 4.905865478515625000e+01 1.172057747840881348e+00
1.455000194013118744e+02 4.953635406494140625e+01 1.512223482131958008e+00
1.465000194609165192e+02 4.880722808837890625e+01 1.718027949333190918e+00
1.475000195205211639e+02 4.775703048706054688e+01 1.126858234405517578e+00
1.485000195801258087e+02 4.894466781616210938e+01 9.443383812904357910e-01
1.495000196397304251e+02 4.924273300170898438e+01 2.079941034317016602e+00
1.505000196993350698e+02 4.913509750366210938e+01 1.573453187942504883e+00
1.515000197589397146e+02 4.948730850219726562e+01 1.863441705703735352e+00
1.525000198185443878e+02 4.945923614501953125e+01 1.400296330451965332e+00
1.535000198781490326e+02 4.781108474731445312e+01 1.804409861564636230e+00
1.545000199377536774e+02 4.892949676513671875e+01 9.837355613708496094e-01
1.555000199973583221e+02 4.914157867431640625e+01 1.001276016235351562e+00
1.565000200569629385e+02 4.892005538940429688e+01 1.284468650817871094e+00
1.575000201165675833e+02 4.825426101684570312e+01 1.350948572158813477e+00
1.585000201761722280e+02 4.830487060546875000e+01 8.064237833023071289e-01
1.595000202357769012e+02 4.894659042358398438e+01 8.490940928459167480e-01
1.605000202953815460e+02 4.864710235595703125e+01 1.085068821907043457e+00
1.615000203549861908e+02 4.871738815307617188e+01 9.479765295982360840e-01
1.625000204145908356e+02 4.924393844604492188e+01 1.681564688682556152e+00
1.635000204741954519e+02 4.903174209594726562e+01 1.168142557144165039e+00
1.645000205338000967e+02 4.921873855590820312e+01 1.721271872520446777e+00
1.655000205934047415e+02 4.850998687744140625e+01 1.148165941238403320e+00
1.665000206530094147e+02 4.815364456176757812e+01 6.834561228752136230e-01
1.675000207126140594e+02 4.840550994873046875e+01 7.158733010292053223e-01
1.685000207722187042e+02 4.834658050537109375e+01 1.898857831954956055e+00
1.695000208318233490e+02 4.929562759399414062e+01 1.252101898193359375e+00
1.705000208914279654e+02 4.864790725708007812e+01 1.819671273231506348e+00
1.715000209510326101e+02 4.828414916992187500e+01 1.547884345054626465e+00
1.725000210106372549e+02 4.872530746459960938e+01 6.393579244613647461e-01
1.735000210702419281e+02 4.787801361083984375e+01 1.060538887977600098e+00
1.745000211298465729e+02 4.832827377319335938e+01 8.730887770652770996e-01
1.755000211894512177e+02 4.880672073364257812e+01 9.799631237983703613e-01
1.765000212490558624e+02 4.987322616577148438e+01 2.847188234329223633e+00
1.775000213086604788e+02 0.000000000000000000e+00 0.000000000000000000e+00
1.785000213682651236e+02 0.000000000000000000e+00 0.000000000000000000e+00
1.795000214278697968e+02 0.000000000000000000e+00 0.000000000000000000e+00
