gamma  mean  std
-1.794999999701976776e+02 4.664504623413085938e+01 1.595859527587890625e+00
-1.784999999105930328e+02 4.769225692749023438e+01 1.152466535568237305e+00
-1.774999998509883881e+02 4.799318695068359375e+01 1.219305515289306641e+00
-1.764999997913837433e+02 4.813503265380859375e+01 1.067853331565856934e+00
-1.754999997317790985e+02 4.737488555908203125e+01 1.057015895843505859e+00
-1.744999996721744253e+02 4.776963043212890625e+01 1.822807192802429199e+00
-1.734999996125698090e+02 4.850572586059570312e+01 1.131864547729492188e+00
-1.724999995529651642e+02 4.806281661987304688e+01 1.291556715965270996e+00
-1.714999994933605194e+02 4.810524368286132812e+01 7.691758275032043457e-01
-1.704999994337558746e+02 4.785805892944335938e+01 1.410160064697265625e+00
-1.694999993741512299e+02 4.754091262817382812e+01 1.428286671638488770e+00
-1.684999993145465851e+02 4.779249191284179688e+01 1.119087100028991699e+00
-1.674999992549419403e+02 4.881966781616210938e+01 8.525823950767517090e-01
-1.664999991953372955e+02 4.819985961914062500e+01 1.598477959632873535e+00
-1.654999991357326508e+02 4.788216400146484375e+01 1.082672476768493652e+00
-1.644999990761280060e+02 4.800295639038085938e+01 1.311755299568176270e+00
-1.634999990165233612e+02 4.885177993774414062e+01 1.643463253974914551e+00
-1.624999989569187164e+02 5.105434036254882812e+01 3.004174232482910156e+00
-1.614999988973140717e+02 5.065995407104492188e+01 3.029554128646850586e+00
-1.604999988377094269e+02 4.864120483398437500e+01 1.547433018684387207e+00
-1.594999987781047821e+02 4.759251022338867188e+01 1.030488491058349609e+00
-1.584999987185001373e+02 4.758652114868164062e+01 1.611356139183044434e+00
-1.574999986588954926e+02 4.701450729370117188e+01 1.241937041282653809e+00
-1.564999985992908478e+02 4.714119720458984375e+01 7.866570949554443359e-01
-1.554999985396862030e+02 4.695114517211914062e+01 8.522186875343322754e-01
-1.544999984800815582e+02 4.708863449096679688e+01 1.044496655464172363e+00
-1.534999984204769135e+02 4.682537841796875000e+01 1.455425262451171875e+00
-1.524999983608722687e+02 4.769395065307617188e+01 1.063907980918884277e+00
-1.514999983012676239e+02 4.710085678100585938e+01 1.047189950942993164e+00
-1.504999982416629791e+02 4.728974533081054688e+01 1.629135370254516602e+00
-1.494999981820583344e+02 4.832323455810546875e+01 9.996693730354309082e-01
-1.484999981224536896e+02 4.689677810668945312e+01 1.462554812431335449e+00
-1.474999980628490448e+02 4.674295043945312500e+01 1.426872014999389648e+00
-1.464999980032444000e+02 4.800454711914062500e+01 2.209048509597778320e+00
-1.454999979436397552e+02 4.698040390014648438e+01 1.322306036949157715e+00
-1.444999978840351105e+02 4.745323944091796875e+01 1.474660515785217285e+00
-1.434999978244304657e+02 4.807985305786132812e+01 1.437886834144592285e+00
-1.424999977648258209e+02 4.843806838989257812e+01 9.750723838806152344e-01
-1.414999977052211761e+02 4.876816177368164062e+01 1.584639072418212891e+00
-1.404999976456165314e+02 4.770301437377929688e+01 9.323827028274536133e-01
-1.394999975860118866e+02 4.846829223632812500e+01 9.462336301803588867e-01
-1.384999975264072418e+02 4.769793701171875000e+01 1.721444487571716309e+00
-1.374999974668025970e+02 4.785395050048828125e+01 6.520320177078247070e-01
-1.364999974071979523e+02 4.761069488525390625e+01 1.014288067817687988e+00
-1.354999973475933075e+02 6.636646270751953125e+01 2.086537551879882812e+01
-1.344999972879886627e+02 4.556307067871093750e+02 5.848878784179687500e+02
-1.334999972283840179e+02 4.743694686889648438e+01 1.860701560974121094e+00
-1.324999971687793732e+02 4.674452590942382812e+01 1.911008715629577637e+00
-1.314999971091747284e+02 4.674816894531250000e+01 1.223899960517883301e+00
-1.304999970495700836e+02 4.690407180786132812e+01 1.528281807899475098e+00
-1.294999969899654388e+02 4.662710952758789062e+01 4.517108201980590820e-01
-1.284999969303607941e+02 4.607771682739257812e+01 2.091993808746337891e+00
-1.274999968707561493e+02 4.685972976684570312e+01 1.068208217620849609e+00
-1.264999968111514903e+02 4.584931564331054688e+01 1.869762659072875977e+00
-1.254999967515468740e+02 4.588751602172851562e+01 7.695344686508178711e-01
-1.244999966919422150e+02 4.499381637573242188e+01 4.891663193702697754e-01
-1.234999966323375702e+02 4.594778060913085938e+01 1.713847398757934570e+00
-1.224999965727329112e+02 4.575534820556640625e+01 9.177182316780090332e-01
-1.214999965131282806e+02 4.589072799682617188e+01 1.086541295051574707e+00
-1.204999964535236359e+02 4.495349884033203125e+01 1.675405621528625488e+00
-1.194999963939190053e+02 4.543684768676757812e+01 5.882288813591003418e-01
-1.184999963343143605e+02 4.475521087646484375e+01 1.228820800781250000e+00
-1.174999962747097015e+02 4.495984268188476562e+01 1.365969061851501465e+00
-1.164999962151050568e+02 4.565842056274414062e+01 1.602487564086914062e+00
-1.154999961555003978e+02 4.534926223754882812e+01 1.852220177650451660e+00
-1.144999960958957672e+02 4.530627059936523438e+01 1.403072118759155273e+00
-1.134999960362911224e+02 4.601066207885742188e+01 1.021605253219604492e+00
-1.124999959766864777e+02 4.541590499877929688e+01 1.179476499557495117e+00
-1.114999959170818329e+02 4.556772232055664062e+01 1.004837632179260254e+00
-1.104999958574771881e+02 4.512765884399414062e+01 6.357002258300781250e-01
-1.094999957978725291e+02 4.500992202758789062e+01 1.451741814613342285e+00
-1.084999957382678986e+02 4.543206787109375000e+01 1.619608640670776367e+00
-1.074999956786632538e+02 4.527368545532226562e+01 1.075409889221191406e+00
-1.064999956190586090e+02 4.465358734130859375e+01 8.740431070327758789e-01
-1.054999955594539642e+02 4.580420303344726562e+01 2.183979034423828125e+00
-1.044999954998493195e+02 4.469456863403320312e+01 1.975828647613525391e+00
-1.034999954402446747e+02 4.540729522705078125e+01 6.659277677536010742e-01
-1.024999953806400299e+02 4.453812408447265625e+01 8.982763886451721191e-01
-1.014999953210353851e+02 4.483385086059570312e+01 9.486662745475769043e-01
-1.004999952614307404e+02 4.438370895385742188e+01 1.432415246963500977e+00
-9.949999520182609558e+01 4.452392959594726562e+01 9.130920767784118652e-01
-9.849999514222145081e+01 4.472640228271484375e+01 1.821299195289611816e+00
-9.749999508261680603e+01 4.485681152343750000e+01 1.284268140792846680e+00
-9.649999502301216125e+01 4.544118881225585938e+01 9.068260788917541504e-01
-9.549999496340751648e+01 4.553629302978515625e+01 1.819563865661621094e+00
-9.449999490380287170e+01 4.556603240966796875e+01 1.141684651374816895e+00
-9.349999484419822693e+01 4.565934371948242188e+01 1.698562502861022949e+00
-9.249999478459358215e+01 4.558802413940429688e+01 7.376530170440673828e-01
-9.149999472498893738e+01 4.536145782470703125e+01 1.361703395843505859e+00
-9.049999466538429260e+01 4.616255950927734375e+01 1.099396228790283203e+00
-8.949999460577964783e+01 4.385030364990234375e+01 9.208021759986877441e-01
-8.849999454617500305e+01 4.558533859252929688e+01 1.281848311424255371e+00
-8.749999448657035828e+01 4.562643432617187500e+01 1.096081733703613281e+00
-8.649999442696571350e+01 4.444380569458007812e+01 5.279785990715026855e-01
-8.549999436736106873e+01 4.449838638305664062e+01 4.954631328582763672e-01
-8.449999430775642395e+01 4.520095825195312500e+01 1.104173898696899414e+00
-8.349999424815177917e+01 4.544634246826171875e+01 1.131772279739379883e+00
-8.249999418854713440e+01 4.403334808349609375e+01 1.039617061614990234e+00
-8.149999412894248962e+01 4.489571762084960938e+01 7.071412801742553711e-01
-8.049999406933784485e+01 4.480150604248046875e+01 1.211625933647155762e+00
-7.949999400973320007e+01 4.467853927612304688e+01 1.010359644889831543e+00
-7.849999395012855530e+01 4.389076995849609375e+01 1.380281925201416016e+00
-7.749999389052391052e+01 4.506771087646484375e+01 1.187802195549011230e+00
-7.649999383091926575e+01 4.581871414184570312e+01 1.868256092071533203e+00
-7.549999377131462097e+01 4.496091842651367188e+01 9.943377971649169922e-01
-7.449999371170997620e+01 4.391265869140625000e+01 1.592464208602905273e+00
-7.349999365210533142e+01 4.478617095947265625e+01 8.150064945220947266e-01
-7.249999359250068665e+01 4.472352981567382812e+01 7.798522114753723145e-01
-7.149999353289604187e+01 4.446132278442382812e+01 1.043363213539123535e+00
-7.049999347329139709e+01 4.533084869384765625e+01 9.689920544624328613e-01
-6.949999341368675232e+01 4.516110992431640625e+01 1.362326383590698242e+00
-6.849999335408210754e+01 4.536025238037109375e+01 8.641756176948547363e-01
-6.749999329447746277e+01 4.487887191772460938e+01 1.373529314994812012e+00
-6.649999323487281799e+01 4.452678298950195312e+01 1.933497190475463867e+00
-6.549999317526817322e+01 4.453104019165039062e+01 1.513515353202819824e+00
-6.449999311566352844e+01 4.486075973510742188e+01 1.662360548973083496e+00
-6.349999305605889788e+01 4.569011306762695312e+01 6.138649582862854004e-01
-6.249999299645424600e+01 4.551336669921875000e+01 8.771467208862304688e-01
-6.149999293684959412e+01 4.556221389770507812e+01 4.425410032272338867e-01
-6.049999287724494224e+01 4.488641738891601562e+01 1.170208454132080078e+00
-5.949999281764031167e+01 4.545380401611328125e+01 1.112764477729797363e+00
-5.849999275803565979e+01 4.425262451171875000e+01 9.220010638236999512e-01
-5.749999269843100791e+01 4.465653610229492188e+01 8.861953616142272949e-01
-5.649999263882638445e+01 4.470682144165039062e+01 1.044549107551574707e+00
-5.549999257922173257e+01 4.550003433227539062e+01 9.357203841209411621e-01
-5.449999251961708069e+01 4.481548309326171875e+01 1.377437829971313477e+00
-5.349999246001242881e+01 4.438076019287109375e+01 1.104492902755737305e+00
-5.249999240040779824e+01 4.413072967529296875e+01 1.209182262420654297e+00
-5.149999234080314636e+01 4.513377761840820312e+01 7.098025679588317871e-01
-5.049999228119849448e+01 4.482881927490234375e+01 1.149825215339660645e+00
-4.949999222159387102e+01 4.438244628906250000e+01 1.561500310897827148e+00
-4.849999216198921914e+01 4.450912094116210938e+01 6.975468397140502930e-01
-4.749999210238456726e+01 4.454505157470703125e+01 1.167041420936584473e+00
-4.649999204277991538e+01 4.400188827514648438e+01 8.866950273513793945e-01
-4.549999198317528482e+01 4.428802108764648438e+01 1.181712508201599121e+00
-4.449999192357063293e+01 4.421485137939453125e+01 1.381118774414062500e+00
-4.349999186396598105e+01 4.443799972534179688e+01 1.239177465438842773e+00
-4.249999180436135759e+01 4.466584014892578125e+01 1.083634972572326660e+00
-4.149999174475670571e+01 4.431066894531250000e+01 6.003211140632629395e-01
-4.049999168515205383e+01 4.449221801757812500e+01 1.086785554885864258e+00
-3.949999162554740195e+01 4.488233184814453125e+01 8.197740316390991211e-01
-3.849999156594277139e+01 4.375673675537109375e+01 2.083980739116668701e-01
-3.749999150633811951e+01 4.455622482299804688e+01 8.682928681373596191e-01
-3.649999144673346763e+01 4.481138992309570312e+01 1.194116592407226562e+00
-3.549999138712884417e+01 4.521511077880859375e+01 9.512093067169189453e-01
-3.449999132752419229e+01 4.540819549560546875e+01 9.192802309989929199e-01
-3.349999126791954041e+01 4.365504837036132812e+01 1.188522815704345703e+00
-3.249999120831488852e+01 4.526163864135742188e+01 9.315912127494812012e-01
-3.149999114871025796e+01 4.453293228149414062e+01 1.384092569351196289e+00
-3.049999108910560608e+01 4.486818695068359375e+01 1.021228432655334473e+00
-2.949999102950095420e+01 4.456814193725585938e+01 1.080859422683715820e+00
-2.849999096989632719e+01 4.446274566650390625e+01 1.034392118453979492e+00
-2.749999091029167531e+01 4.526728057861328125e+01 1.298050880432128906e+00
-2.649999085068702342e+01 4.497911834716796875e+01 8.536555767059326172e-01
-2.549999079108239641e+01 4.450310516357421875e+01 1.128480911254882812e+00
-2.449999073147774453e+01 4.452320098876953125e+01 1.333899021148681641e+00
-2.349999067187309265e+01 4.436401367187500000e+01 6.461405158042907715e-01
-2.249999061226844077e+01 4.453403091430664062e+01 1.079830169677734375e+00
-2.149999055266381376e+01 4.446674346923828125e+01 1.392648100852966309e+00
-2.049999049305916188e+01 4.459509658813476562e+01 9.394144415855407715e-01
-1.949999043345451000e+01 4.510902786254882812e+01 7.093198895454406738e-01
-1.849999037384988299e+01 4.420235443115234375e+01 1.378878951072692871e+00
-1.749999031424523110e+01 4.530965042114257812e+01 1.160095095634460449e+00
-1.649999025464057922e+01 4.475447845458984375e+01 1.026217818260192871e+00
-1.549999019503592734e+01 4.505493164062500000e+01 1.219157457351684570e+00
-1.449999013543130033e+01 4.364423751831054688e+01 1.271329164505004883e+00
-1.349999007582664845e+01 4.386546707153320312e+01 1.696487188339233398e+00
-1.249999001622199657e+01 4.371331787109375000e+01 6.429522633552551270e-01
-1.149998995661736956e+01 4.411301040649414062e+01 8.534400463104248047e-01
-1.049998989701271768e+01 4.462871551513671875e+01 1.316129088401794434e+00
-9.499989837408065796e+00 4.321636199951171875e+01 1.142087101936340332e+00
-8.499989777803413915e+00 4.424565887451171875e+01 8.332873582839965820e-01
-7.499989718198786903e+00 4.387041473388671875e+01 8.675763010978698730e-01
-6.499989658594135022e+00 4.391209030151367188e+01 1.112040996551513672e+00
-5.499989598989483142e+00 4.422202682495117188e+01 6.404781341552734375e-01
-4.499989539384856130e+00 4.487054061889648438e+01 9.899736046791076660e-01
-3.499989479780204249e+00 4.302177810668945312e+01 1.094446778297424316e+00
-2.499989420175551924e+00 4.409243011474609375e+01 1.105128526687622070e+00
-1.499989360570899821e+00 4.373283767700195312e+01 1.405353069305419922e+00
-4.999893009662732535e-01 4.421493911743164062e+01 5.882456302642822266e-01
5.000107586383788494e-01 0.000000000000000000e+00 0.000000000000000000e+00
1.500010818243030952e+00 0.000000000000000000e+00 0.000000000000000000e+00
2.500010877847657742e+00 0.000000000000000000e+00 0.000000000000000000e+00
3.500010937452309623e+00 4.393425369262695312e+01 2.735569000244140625e+00
4.500010997056961948e+00 4.193942260742187500e+01 5.128356814384460449e-01
5.500011056661613829e+00 4.219338989257812500e+01 1.557249069213867188e+00
6.500011116266240840e+00 4.200516891479492188e+01 1.637446165084838867e+00
7.500011175870892721e+00 4.286760330200195312e+01 9.524308443069458008e-01
8.500011235475545490e+00 4.287382888793945312e+01 9.468269348144531250e-01
9.500011295080170726e+00 4.405246353149414062e+01 8.657485842704772949e-01
1.050001135468482261e+01 4.326300811767578125e+01 1.745221614837646484e+00
1.150001141428947626e+01 4.304065704345703125e+01 1.615312218666076660e+00
1.250001147389410150e+01 4.372134017944335938e+01 1.202469944953918457e+00
1.350001153349875338e+01 4.315765380859375000e+01 9.335601329803466797e-01
1.450001159310340704e+01 4.463210296630859375e+01 1.615004658699035645e+00
1.550001165270805892e+01 4.441743087768554688e+01 7.926681041717529297e-01
1.650001171231268415e+01 4.484497833251953125e+01 1.053930759429931641e+00
1.750001177191733603e+01 4.397674179077148438e+01 1.011842012405395508e+00
1.850001183152198792e+01 4.357491683959960938e+01 1.064282774925231934e+00
1.950001189112661493e+01 4.338824844360351562e+01 5.741654634475708008e-01
2.050001195073126681e+01 4.429654693603515625e+01 7.335255742073059082e-01
2.150001201033591869e+01 4.322646713256835938e+01 1.000250816345214844e+00
2.250001206994057057e+01 4.451333999633789062e+01 7.489344477653503418e-01
2.350001212954519758e+01 4.486337661743164062e+01 1.058474898338317871e+00
2.450001218914984946e+01 4.538875961303710938e+01 1.167542338371276855e+00
2.550001224875450134e+01 4.484338760375976562e+01 1.439830183982849121e+00
2.650001230835912835e+01 4.525862884521484375e+01 1.222880959510803223e+00
2.750001236796378024e+01 4.532285308837890625e+01 1.142735719680786133e+00
2.850001242756843212e+01 4.493574142456054688e+01 1.708014845848083496e+00
2.950001248717308400e+01 4.473052978515625000e+01 1.000637292861938477e+00
3.050001254677771101e+01 4.506530380249023438e+01 1.235864400863647461e+00
3.150001260638236289e+01 4.432563400268554688e+01 6.295373439788818359e-01
3.250001266598701477e+01 4.361563873291015625e+01 1.125605702400207520e+00
3.350001272559164534e+01 4.337428665161132812e+01 8.693509101867675781e-01
3.450001278519629722e+01 4.366806793212890625e+01 1.258608222007751465e+00
3.550001284480094910e+01 4.384506607055664062e+01 1.375711560249328613e+00
3.650001290440560098e+01 4.331423950195312500e+01 5.575956702232360840e-01
3.750001296401022444e+01 4.344168853759765625e+01 1.407342433929443359e+00
3.850001302361487632e+01 4.277240753173828125e+01 1.063280463218688965e+00
3.950001308321952820e+01 4.301179885864257812e+01 1.072230935096740723e+00
4.050001314282415876e+01 4.354324340820312500e+01 1.525799274444580078e+00
4.150001320242881064e+01 4.322005844116210938e+01 8.055461645126342773e-01
4.250001326203346252e+01 4.422365570068359375e+01 1.245380520820617676e+00
4.350001332163811441e+01 4.435763931274414062e+01 1.358797788619995117e+00
4.450001338124273786e+01 4.379669189453125000e+01 1.112116456031799316e+00
4.550001344084738975e+01 4.260430145263671875e+01 7.595481872558593750e-01
4.650001350045204163e+01 4.356461715698242188e+01 8.425434827804565430e-01
4.750001356005667219e+01 4.278028106689453125e+01 1.093145251274108887e+00
4.850001361966132407e+01 4.302663803100585938e+01 1.202483654022216797e+00
4.950001367926597595e+01 4.271870040893554688e+01 9.723957180976867676e-01
5.050001373887062783e+01 4.291307830810546875e+01 1.104485392570495605e+00
5.150001379847527971e+01 4.319835281372070312e+01 1.590874671936035156e+00
5.250001385807988186e+01 4.246752929687500000e+01 1.633822679519653320e+00
5.350001391768453374e+01 4.363033294677734375e+01 2.005804300308227539e+00
5.450001397728918562e+01 4.334792709350585938e+01 8.692925572395324707e-01
5.550001403689383750e+01 4.319972610473632812e+01 1.364983677864074707e+00
5.650001409649848938e+01 4.332886505126953125e+01 1.313328027725219727e+00
5.750001415610314126e+01 4.369805145263671875e+01 1.177593111991882324e+00
5.850001421570779314e+01 4.298761367797851562e+01 7.703015804290771484e-01
5.950001427531239528e+01 4.291461181640625000e+01 7.699875235557556152e-01
6.050001433491704717e+01 4.232174682617187500e+01 6.883279681205749512e-01
6.150001439452169905e+01 4.311884307861328125e+01 1.646873950958251953e+00
6.250001445412635093e+01 4.324698257446289062e+01 1.010237812995910645e+00
6.350001451373100281e+01 4.350680923461914062e+01 1.334888339042663574e+00
6.450001457333564758e+01 4.361942291259765625e+01 1.350075006484985352e+00
6.550001463294030657e+01 4.374940872192382812e+01 9.457936882972717285e-01
6.650001469254490871e+01 4.402820205688476562e+01 1.595496058464050293e+00
6.750001475214955349e+01 4.273028945922851562e+01 1.538493156433105469e+00
6.850001481175421247e+01 4.267772293090820312e+01 9.842737913131713867e-01
6.950001487135885725e+01 4.267179489135742188e+01 1.088031411170959473e+00
7.050001493096351624e+01 4.191773223876953125e+01 8.541224002838134766e-01
7.150001499056816101e+01 4.350829696655273438e+01 8.094747066497802734e-01
7.250001505017282000e+01 4.325412368774414062e+01 1.228628993034362793e+00
7.350001510977742214e+01 4.211385345458984375e+01 1.641686797142028809e+00
7.450001516938206692e+01 4.152458953857421875e+01 1.467133522033691406e+00
7.550001522898672590e+01 4.205184173583984375e+01 1.176684379577636719e+00
7.650001528859137068e+01 4.236686325073242188e+01 1.157624483108520508e+00
7.750001534819602966e+01 4.208271408081054688e+01 8.358326554298400879e-01
7.850001540780068865e+01 4.225894546508789062e+01 1.280148863792419434e+00
7.950001546740533342e+01 4.207360839843750000e+01 6.894330382347106934e-01
8.050001552700993557e+01 4.287436676025390625e+01 1.270614624023437500e+00
8.150001558661458034e+01 4.165262603759765625e+01 8.920196294784545898e-01
8.250001564621923933e+01 3.978439331054687500e+01 1.078781366348266602e+00
8.350001570582388410e+01 3.561681365966796875e+01 9.687034487724304199e-01
8.450001576542854309e+01 3.462775421142578125e+01 6.819899082183837891e-01
8.550001582503320208e+01 3.503254318237304688e+01 7.251917123794555664e-01
8.650001588463784685e+01 3.409412765502929688e+01 1.378755927085876465e+00
8.750001594424244900e+01 3.329533767700195312e+01 1.166658282279968262e+00
8.850001600384709377e+01 4.881649017333984375e+00 3.860818147659301758e-01
8.950001606345175276e+01 1.466735005378723145e+00 2.073066383600234985e-01
9.050001612305641174e+01 2.589312362670898438e+01 1.179069995880126953e+00
9.150001618266105652e+01 3.375608062744140625e+01 6.687572598457336426e-01
9.250001624226571550e+01 3.469580078125000000e+01 8.812500834465026855e-01
9.350001630187036028e+01 3.588132858276367188e+01 7.432715892791748047e-01
9.450001636147496242e+01 4.136234664916992188e+01 1.254287958145141602e+00
9.550001642107962141e+01 4.265222930908203125e+01 1.023408055305480957e+00
9.650001648068426618e+01 4.200992202758789062e+01 7.642238140106201172e-01
9.750001654028892517e+01 4.239911651611328125e+01 1.030509471893310547e+00
9.850001659989356995e+01 4.282959365844726562e+01 1.149751543998718262e+00
9.950001665949822893e+01 4.264774322509765625e+01 2.001467704772949219e+00
1.005000167191028737e+02 4.367858123779296875e+01 1.610609412193298340e+00
1.015000167787074759e+02 4.307588577270507812e+01 1.094374299049377441e+00
1.025000168383121348e+02 4.288796234130859375e+01 1.356714844703674316e+00
1.035000168979167796e+02 4.354084396362304688e+01 9.296754598617553711e-01
1.045000169575214386e+02 4.322555160522460938e+01 1.677555918693542480e+00
1.055000170171260834e+02 4.292377471923828125e+01 1.608394384384155273e+00
1.065000170767307424e+02 4.248772048950195312e+01 1.819866657257080078e+00
1.075000171363353871e+02 4.401250076293945312e+01 7.781015038490295410e-01
1.085000171959399893e+02 4.329481887817382812e+01 1.127884149551391602e+00
1.095000172555446483e+02 4.458615875244140625e+01 8.409443497657775879e-01
1.105000173151492930e+02 4.430960464477539062e+01 8.403769731521606445e-01
1.115000173747539520e+02 4.427000808715820312e+01 1.678395867347717285e+00
1.125000174343585968e+02 4.487829589843750000e+01 1.206408262252807617e+00
1.135000174939632558e+02 4.444567871093750000e+01 8.110027313232421875e-01
1.145000175535679006e+02 4.454454421997070312e+01 1.150629401206970215e+00
1.155000176131725027e+02 4.485330963134765625e+01 1.128199100494384766e+00
1.165000176727771617e+02 4.510025787353515625e+01 1.281079530715942383e+00
1.175000177323818065e+02 4.424964141845703125e+01 6.741467118263244629e-01
1.185000177919864655e+02 4.495610809326171875e+01 9.322757720947265625e-01
1.195000178515911102e+02 4.555904388427734375e+01 9.730316996574401855e-01
1.205000179111957692e+02 4.512392044067382812e+01 1.627424240112304688e+00
1.215000179708003714e+02 4.517789077758789062e+01 1.971175432205200195e+00
1.225000180304050161e+02 4.549843597412109375e+01 1.447321772575378418e+00
1.235000180900096751e+02 4.435567855834960938e+01 1.352111935615539551e+00
1.245000181496143199e+02 4.525458145141601562e+01 1.429949522018432617e+00
1.255000182092189789e+02 4.534898757934570312e+01 5.689736008644104004e-01
1.265000182688236237e+02 4.546571731567382812e+01 1.604301452636718750e+00
1.275000183284282826e+02 4.597351837158203125e+01 8.046918511390686035e-01
1.285000183880328848e+02 4.591207504272460938e+01 1.215839743614196777e+00
1.295000184476375296e+02 4.605595016479492188e+01 5.760946273803710938e-01
1.305000185072421743e+02 4.643402099609375000e+01 1.260324120521545410e+00
1.315000185668468475e+02 4.591918945312500000e+01 1.391918540000915527e+00
1.325000186264514923e+02 4.669153976440429688e+01 2.143995523452758789e+00
1.335000186860561371e+02 4.665734481811523438e+01 1.504700899124145508e+00
1.345000187456607819e+02 4.623371124267578125e+01 9.935446381568908691e-01
1.355000188052653982e+02 4.650957489013671875e+01 1.779520988464355469e+00
1.365000188648700430e+02 4.600965499877929688e+01 1.374399185180664062e+00
1.375000189244746878e+02 4.651338577270507812e+01 1.252982497215270996e+00
1.385000189840793610e+02 4.590298843383789062e+01 1.244591593742370605e+00
1.395000190436840057e+02 4.588675308227539062e+01 9.543686509132385254e-01
1.405000191032886505e+02 4.560962295532226562e+01 8.450427651405334473e-01
1.415000191628932953e+02 4.595867919921875000e+01 1.441668868064880371e+00
1.425000192224979116e+02 4.602602386474609375e+01 1.939989447593688965e+00
1.435000192821025564e+02 4.680075073242187500e+01 1.778974294662475586e+00
1.445000193417072012e+02 4.675333023071289062e+01 8.997786045074462891e-01
1.455000194013118744e+02 4.686237716674804688e+01 1.427451729774475098e+00
1.465000194609165192e+02 4.626925277709960938e+01 5.722222924232482910e-01
1.475000195205211639e+02 4.660309600830078125e+01 7.401576042175292969e-01
1.485000195801258087e+02 4.628065872192382812e+01 1.094402551651000977e+00
1.495000196397304251e+02 4.710149765014648438e+01 9.136712551116943359e-01
1.505000196993350698e+02 4.641205215454101562e+01 1.885482549667358398e+00
1.515000197589397146e+02 4.692868423461914062e+01 1.877765893936157227e+00
1.525000198185443878e+02 4.669692611694335938e+01 1.608218669891357422e+00
1.535000198781490326e+02 4.678426742553710938e+01 1.276429891586303711e+00
1.545000199377536774e+02 4.660926055908203125e+01 1.272768020629882812e+00
1.555000199973583221e+02 4.719084930419921875e+01 1.255499839782714844e+00
1.565000200569629385e+02 4.655917739868164062e+01 1.162150859832763672e+00
1.575000201165675833e+02 4.687322998046875000e+01 8.492349982261657715e-01
1.585000201761722280e+02 4.674173736572265625e+01 1.020506978034973145e+00
1.595000202357769012e+02 4.701802825927734375e+01 1.418285965919494629e+00
1.605000202953815460e+02 4.705828857421875000e+01 8.930342197418212891e-01
1.615000203549861908e+02 4.726807785034179688e+01 1.602087616920471191e+00
1.625000204145908356e+02 4.766288375854492188e+01 1.175868034362792969e+00
1.635000204741954519e+02 4.774015045166015625e+01 1.578512907028198242e+00
1.645000205338000967e+02 4.636362457275390625e+01 1.379909038543701172e+00
1.655000205934047415e+02 4.640581512451171875e+01 1.081664681434631348e+00
1.665000206530094147e+02 4.731413650512695312e+01 8.121139407157897949e-01
1.675000207126140594e+02 4.754113388061523438e+01 1.041840076446533203e+00
1.685000207722187042e+02 4.771495819091796875e+01 1.134319186210632324e+00
1.695000208318233490e+02 4.755484771728515625e+01 1.379832744598388672e+00
1.705000208914279654e+02 4.711319351196289062e+01 1.281090259552001953e+00
1.715000209510326101e+02 4.663235473632812500e+01 1.095437407493591309e+00
1.725000210106372549e+02 4.794564819335937500e+01 1.213829755783081055e+00
1.735000210702419281e+02 4.725772857666015625e+01 7.311472296714782715e-01
1.745000211298465729e+02 4.723260498046875000e+01 1.091653347015380859e+00
1.755000211894512177e+02 4.669966506958007812e+01 1.296976566314697266e+00
1.765000212490558624e+02 4.765939331054687500e+01 2.910353899002075195e+00
1.775000213086604788e+02 0.000000000000000000e+00 0.000000000000000000e+00
1.785000213682651236e+02 0.000000000000000000e+00 0.000000000000000000e+00
1.795000214278697968e+02 0.000000000000000000e+00 0.000000000000000000e+00
