gamma  mean  std
-1.794999999701976776e+02 0.000000000000000000e+00 0.000000000000000000e+00
-1.784999999105930328e+02 6.356781005859375000e+01 5.224744796752929688e+00
-1.774999998509883881e+02 6.249827575683593750e+01 4.339935779571533203e+00
-1.764999997913837433e+02 6.184295654296875000e+01 2.095329761505126953e+00
-1.754999997317790985e+02 6.108770370483398438e+01 2.733323097229003906e+00
-1.744999996721744253e+02 6.357012557983398438e+01 3.519805669784545898e+00
-1.734999996125698090e+02 6.382896041870117188e+01 2.273103237152099609e+00
-1.724999995529651642e+02 6.623852539062500000e+01 2.583472490310668945e+00
-1.714999994933605194e+02 6.968499755859375000e+01 5.083204746246337891e+00
-1.704999994337558746e+02 7.502357482910156250e+01 7.644207954406738281e+00
-1.694999993741512299e+02 8.137242889404296875e+01 1.370200157165527344e+01
-1.684999993145465851e+02 8.633850860595703125e+01 1.795388031005859375e+01
-1.674999992549419403e+02 8.410008239746093750e+01 1.832959747314453125e+01
-1.664999991953372955e+02 7.746827697753906250e+01 1.288258647918701172e+01
-1.654999991357326508e+02 7.316735839843750000e+01 9.432383537292480469e+00
-1.644999990761280060e+02 6.950957489013671875e+01 7.081197738647460938e+00
-1.634999990165233612e+02 6.683773040771484375e+01 5.996619701385498047e+00
-1.624999989569187164e+02 6.565817260742187500e+01 4.059432029724121094e+00
-1.614999988973140717e+02 6.414160919189453125e+01 3.931824445724487305e+00
-1.604999988377094269e+02 6.435222625732421875e+01 3.933945655822753906e+00
-1.594999987781047821e+02 6.482109069824218750e+01 5.519773006439208984e+00
-1.584999987185001373e+02 6.799138641357421875e+01 9.067726135253906250e+00
-1.574999986588954926e+02 7.337791442871093750e+01 1.410366344451904297e+01
-1.564999985992908478e+02 9.123387145996093750e+01 2.889107894897460938e+01
-1.554999985396862030e+02 1.245935974121093750e+02 6.760962677001953125e+01
-1.544999984800815582e+02 1.798591918945312500e+02 1.294498291015625000e+02
-1.534999984204769135e+02 2.044610900878906250e+02 1.620727081298828125e+02
-1.524999983608722687e+02 1.696829986572265625e+02 1.167759704589843750e+02
-1.514999983012676239e+02 1.174161300659179688e+02 5.447762680053710938e+01
-1.504999982416629791e+02 8.751776885986328125e+01 2.156385040283203125e+01
-1.494999981820583344e+02 7.241045379638671875e+01 8.540283203125000000e+00
-1.484999981224536896e+02 6.566184997558593750e+01 4.603820323944091797e+00
-1.474999980628490448e+02 6.244319534301757812e+01 3.104445934295654297e+00
-1.464999980032444000e+02 6.215755462646484375e+01 3.289128780364990234e+00
-1.454999979436397552e+02 6.337347793579101562e+01 4.046540737152099609e+00
-1.444999978840351105e+02 6.342782211303710938e+01 3.981591701507568359e+00
-1.434999978244304657e+02 6.232981491088867188e+01 4.137362957000732422e+00
-1.424999977648258209e+02 6.310807037353515625e+01 4.946071147918701172e+00
-1.414999977052211761e+02 6.100617980957031250e+01 4.137624740600585938e+00
-1.404999976456165314e+02 6.136824798583984375e+01 2.750427722930908203e+00
-1.394999975860118866e+02 6.306927108764648438e+01 4.605397224426269531e+00
-1.384999975264072418e+02 6.588731384277343750e+01 6.601072311401367188e+00
-1.374999974668025970e+02 6.948745727539062500e+01 1.025267028808593750e+01
-1.364999974071979523e+02 7.424712371826171875e+01 1.545092105865478516e+01
-1.354999973475933075e+02 1.359883422851562500e+02 1.751343841552734375e+02
-1.344999972879886627e+02 7.823526763916015625e+01 1.779185676574707031e+01
-1.334999972283840179e+02 7.371817779541015625e+01 1.319990158081054688e+01
-1.324999971687793732e+02 6.828528594970703125e+01 8.865726470947265625e+00
-1.314999971091747284e+02 6.319121932983398438e+01 6.268297672271728516e+00
-1.304999970495700836e+02 6.289373779296875000e+01 3.979179620742797852e+00
-1.294999969899654388e+02 5.950719833374023438e+01 3.961325883865356445e+00
-1.284999969303607941e+02 5.946067047119140625e+01 3.229855775833129883e+00
-1.274999968707561493e+02 5.712010192871093750e+01 3.685995101928710938e+00
-1.264999968111514903e+02 5.741033172607421875e+01 3.148775100708007812e+00
-1.254999967515468740e+02 5.636499404907226562e+01 4.357533931732177734e+00
-1.244999966919422150e+02 5.564688873291015625e+01 4.592796802520751953e+00
-1.234999966323375702e+02 5.559994888305664062e+01 4.319179058074951172e+00
-1.224999965727329112e+02 5.450471496582031250e+01 4.703848361968994141e+00
-1.214999965131282806e+02 5.335329055786132812e+01 5.397466659545898438e+00
-1.204999964535236359e+02 5.360772323608398438e+01 5.053518772125244141e+00
-1.194999963939190053e+02 5.251176071166992188e+01 4.997024536132812500e+00
-1.184999963343143605e+02 5.342245101928710938e+01 5.200280666351318359e+00
-1.174999962747097015e+02 5.272804641723632812e+01 5.590549468994140625e+00
-1.164999962151050568e+02 5.228316879272460938e+01 5.270420074462890625e+00
-1.154999961555003978e+02 5.298065567016601562e+01 4.836619853973388672e+00
-1.144999960958957672e+02 5.141188430786132812e+01 5.464328765869140625e+00
-1.134999960362911224e+02 5.203796386718750000e+01 4.940266132354736328e+00
-1.124999959766864777e+02 5.287764358520507812e+01 5.213529586791992188e+00
-1.114999959170818329e+02 5.328600311279296875e+01 5.656999111175537109e+00
-1.104999958574771881e+02 5.369844818115234375e+01 3.229393005371093750e+00
-1.094999957978725291e+02 5.404508972167968750e+01 3.303698539733886719e+00
-1.084999957382678986e+02 5.314627838134765625e+01 3.064109563827514648e+00
-1.074999956786632538e+02 5.317436981201171875e+01 3.454606533050537109e+00
-1.064999956190586090e+02 5.313124084472656250e+01 3.209020376205444336e+00
-1.054999955594539642e+02 5.212464141845703125e+01 2.451000213623046875e+00
-1.044999954998493195e+02 5.093012237548828125e+01 1.985547304153442383e+00
-1.034999954402446747e+02 5.087058258056640625e+01 2.374169349670410156e+00
-1.024999953806400299e+02 5.044527816772460938e+01 2.449287176132202148e+00
-1.014999953210353851e+02 5.096218490600585938e+01 2.419542789459228516e+00
-1.004999952614307404e+02 5.135911178588867188e+01 2.462646484375000000e+00
-9.949999520182609558e+01 5.185076904296875000e+01 1.477860689163208008e+00
-9.849999514222145081e+01 5.185705947875976562e+01 2.512984514236450195e+00
-9.749999508261680603e+01 5.441278076171875000e+01 3.197818279266357422e+00
-9.649999502301216125e+01 5.786205291748046875e+01 4.041093349456787109e+00
-9.549999496340751648e+01 6.118332672119140625e+01 6.549181461334228516e+00
-9.449999490380287170e+01 6.581289672851562500e+01 1.131131267547607422e+01
-9.349999484419822693e+01 6.844527435302734375e+01 1.486317157745361328e+01
-9.249999478459358215e+01 7.118859863281250000e+01 1.841960716247558594e+01
-9.149999472498893738e+01 6.518925476074218750e+01 1.214265537261962891e+01
-9.049999466538429260e+01 5.925313568115234375e+01 7.633460044860839844e+00
-8.949999460577964783e+01 4.923647689819335938e+01 4.591413974761962891e+00
-8.849999454617500305e+01 5.349415969848632812e+01 5.643333435058593750e+00
-8.749999448657035828e+01 5.503629302978515625e+01 1.191539859771728516e+01
-8.649999442696571350e+01 4.796258926391601562e+01 4.083528041839599609e+00
-8.549999436736106873e+01 4.448191833496093750e+01 2.431208848953247070e+00
-8.449999430775642395e+01 4.373974227905273438e+01 1.922582983970642090e+00
-8.349999424815177917e+01 4.334994888305664062e+01 2.238550186157226562e+00
-8.249999418854713440e+01 4.246828079223632812e+01 1.278560042381286621e+00
-8.149999412894248962e+01 4.223288345336914062e+01 2.117163181304931641e+00
-8.049999406933784485e+01 4.268469619750976562e+01 1.968602895736694336e+00
-7.949999400973320007e+01 4.336908721923828125e+01 2.399974107742309570e+00
-7.849999395012855530e+01 4.517019271850585938e+01 3.355856180191040039e+00
-7.749999389052391052e+01 4.921250534057617188e+01 5.102128982543945312e+00
-7.649999383091926575e+01 5.427723693847656250e+01 9.780497550964355469e+00
-7.549999377131462097e+01 5.937414932250976562e+01 1.520255279541015625e+01
-7.449999371170997620e+01 6.184415817260742188e+01 1.587924766540527344e+01
-7.349999365210533142e+01 5.961796569824218750e+01 1.261586093902587891e+01
-7.249999359250068665e+01 5.659734725952148438e+01 8.757898330688476562e+00
-7.149999353289604187e+01 6.209757232666015625e+01 1.267863178253173828e+01
-7.049999347329139709e+01 7.615618133544921875e+01 2.674658584594726562e+01
-6.949999341368675232e+01 1.057575378417968750e+02 6.119848632812500000e+01
-6.849999335408210754e+01 1.273678054809570312e+02 8.850867462158203125e+01
-6.749999329447746277e+01 1.079129791259765625e+02 6.777072143554687500e+01
-6.649999323487281799e+01 7.533871459960937500e+01 3.008394622802734375e+01
-6.549999317526817322e+01 5.663156509399414062e+01 1.219677543640136719e+01
-6.449999311566352844e+01 4.809826660156250000e+01 6.020452499389648438e+00
-6.349999305605889788e+01 4.562338638305664062e+01 3.610745191574096680e+00
-6.249999299645424600e+01 4.458698272705078125e+01 3.705140113830566406e+00
-6.149999293684959412e+01 4.317163467407226562e+01 2.993833303451538086e+00
-6.049999287724494224e+01 4.278792953491210938e+01 3.273784160614013672e+00
-5.949999281764031167e+01 4.335402297973632812e+01 2.726257562637329102e+00
-5.849999275803565979e+01 4.276497268676757812e+01 3.206724166870117188e+00
-5.749999269843100791e+01 4.312123870849609375e+01 3.016287326812744141e+00
-5.649999263882638445e+01 4.477330017089843750e+01 3.571129560470581055e+00
-5.549999257922173257e+01 4.758614349365234375e+01 7.005138397216796875e+00
-5.449999251961708069e+01 5.025160598754882812e+01 1.011727809906005859e+01
-5.349999246001242881e+01 5.031523132324218750e+01 9.822598457336425781e+00
-5.249999240040779824e+01 4.784314727783203125e+01 6.333459854125976562e+00
-5.149999234080314636e+01 4.428906250000000000e+01 2.571837663650512695e+00
-5.049999228119849448e+01 4.299063491821289062e+01 2.894410610198974609e+00
-4.949999222159387102e+01 4.357181930541992188e+01 1.869691014289855957e+00
-4.849999216198921914e+01 4.417689895629882812e+01 1.757863759994506836e+00
-4.749999210238456726e+01 4.386822128295898438e+01 1.461958885192871094e+00
-4.649999204277991538e+01 4.512933731079101562e+01 1.866124987602233887e+00
-4.549999198317528482e+01 4.484433364868164062e+01 1.628608465194702148e+00
-4.449999192357063293e+01 4.566456985473632812e+01 1.577048897743225098e+00
-4.349999186396598105e+01 4.608215332031250000e+01 1.900948524475097656e+00
-4.249999180436135759e+01 4.637208557128906250e+01 1.622889876365661621e+00
-4.149999174475670571e+01 4.706066513061523438e+01 1.939728260040283203e+00
-4.049999168515205383e+01 5.012633895874023438e+01 2.632942914962768555e+00
-3.949999162554740195e+01 5.444030380249023438e+01 5.284667968750000000e+00
-3.849999156594277139e+01 6.259844589233398438e+01 1.221881961822509766e+01
-3.749999150633811951e+01 8.576794433593750000e+01 2.530588912963867188e+01
-3.649999144673346763e+01 1.035742568969726562e+02 5.077168273925781250e+01
-3.549999138712884417e+01 1.252094345092773438e+02 7.856101989746093750e+01
-3.449999132752419229e+01 2.757716308593750000e+03 5.412651855468750000e+03
-3.349999126791954041e+01 1.719091210937500000e+04 3.595415625000000000e+04
-3.249999120831488852e+01 1.131017913818359375e+02 6.009727859497070312e+01
-3.149999114871025796e+01 6.422837066650390625e+01 1.008564376831054688e+01
-3.049999108910560608e+01 5.375708007812500000e+01 4.448221206665039062e+00
-2.949999102950095420e+01 5.062492370605468750e+01 4.307767391204833984e+00
-2.849999096989632719e+01 4.986983489990234375e+01 4.170984745025634766e+00
-2.749999091029167531e+01 5.123671722412109375e+01 7.590359210968017578e+00
-2.649999085068702342e+01 5.444321823120117188e+01 1.102094841003417969e+01
-2.549999079108239641e+01 6.265050506591796875e+01 1.758490371704101562e+01
-2.449999073147774453e+01 6.852584075927734375e+01 2.302815055847167969e+01
-2.349999067187309265e+01 6.815634155273437500e+01 2.237281990051269531e+01
-2.249999061226844077e+01 6.147621917724609375e+01 1.503353977203369141e+01
-2.149999055266381376e+01 5.428627014160156250e+01 8.017075538635253906e+00
-2.049999049305916188e+01 4.889731597900390625e+01 3.908625125885009766e+00
-1.949999043345451000e+01 4.648075103759765625e+01 2.145927190780639648e+00
-1.849999037384988299e+01 4.489601135253906250e+01 1.728841304779052734e+00
-1.749999031424523110e+01 4.417005157470703125e+01 1.595604658126831055e+00
-1.649999025464057922e+01 4.336736679077148438e+01 2.013413667678833008e+00
-1.549999019503592734e+01 4.318086624145507812e+01 1.351471900939941406e+00
-1.449999013543130033e+01 4.353509140014648438e+01 2.487993001937866211e+00
-1.349999007582664845e+01 4.390783309936523438e+01 2.409703969955444336e+00
-1.249999001622199657e+01 4.612570571899414062e+01 4.616570949554443359e+00
-1.149998995661736956e+01 5.108013534545898438e+01 9.220179557800292969e+00
-1.049998989701271768e+01 6.523969268798828125e+01 2.287030601501464844e+01
-9.499989837408065796e+00 9.624836730957031250e+01 5.791941452026367188e+01
-8.499989777803413915e+00 1.384378662109375000e+02 1.121075286865234375e+02
-7.499989718198786903e+00 1.436500244140625000e+02 1.164457778930664062e+02
-6.499989658594135022e+00 1.009814453125000000e+02 6.078806304931640625e+01
-5.499989598989483142e+00 6.592370605468750000e+01 2.183795166015625000e+01
-4.499989539384856130e+00 5.148971939086914062e+01 7.627034187316894531e+00
-3.499989479780204249e+00 4.583784484863281250e+01 3.164331197738647461e+00
-2.499989420175551924e+00 4.324427032470703125e+01 2.021008014678955078e+00
-1.499989360570899821e+00 4.183964538574218750e+01 2.026597499847412109e+00
-4.999893009662732535e-01 0.000000000000000000e+00 0.000000000000000000e+00
5.000107586383788494e-01 0.000000000000000000e+00 0.000000000000000000e+00
1.500010818243030952e+00 0.000000000000000000e+00 0.000000000000000000e+00
2.500010877847657742e+00 0.000000000000000000e+00 0.000000000000000000e+00
3.500010937452309623e+00 0.000000000000000000e+00 0.000000000000000000e+00
4.500010997056961948e+00 0.000000000000000000e+00 0.000000000000000000e+00
5.500011056661613829e+00 1.235501480102539062e+01 1.864924430847167969e+01
6.500011116266240840e+00 3.885971069335937500e+01 1.346565246582031250e+00
7.500011175870892721e+00 4.100110626220703125e+01 1.150964736938476562e+00
8.500011235475545490e+00 4.240858459472656250e+01 9.894888401031494141e-01
9.500011295080170726e+00 4.376556396484375000e+01 1.362089157104492188e+00
1.050001135468482261e+01 4.521778106689453125e+01 2.204953670501708984e+00
1.150001141428947626e+01 4.780342864990234375e+01 4.412320613861083984e+00
1.250001147389410150e+01 5.344403839111328125e+01 8.495628356933593750e+00
1.350001153349875338e+01 6.271855163574218750e+01 1.604688453674316406e+01
1.450001159310340704e+01 6.928813171386718750e+01 2.205866622924804688e+01
1.550001165270805892e+01 7.289631652832031250e+01 2.431665992736816406e+01
1.650001171231268415e+01 7.183280944824218750e+01 2.266272926330566406e+01
1.750001177191733603e+01 7.213487243652343750e+01 2.171111869812011719e+01
1.850001183152198792e+01 6.938745880126953125e+01 2.100255966186523438e+01
1.950001189112661493e+01 6.501759338378906250e+01 1.797760200500488281e+01
2.050001195073126681e+01 6.022842788696289062e+01 1.347045993804931641e+01
2.150001201033591869e+01 5.458300399780273438e+01 9.817429542541503906e+00
2.250001206994057057e+01 5.023451995849609375e+01 7.257955551147460938e+00
2.350001212954519758e+01 4.804988098144531250e+01 3.860122203826904297e+00
2.450001218914984946e+01 4.663195419311523438e+01 3.202925205230712891e+00
2.550001224875450134e+01 4.503956985473632812e+01 2.218653917312622070e+00
2.650001230835912835e+01 4.682132720947265625e+01 1.934698939323425293e+00
2.750001236796378024e+01 4.666086196899414062e+01 2.486508607864379883e+00
2.850001242756843212e+01 4.666693878173828125e+01 1.708072185516357422e+00
2.950001248717308400e+01 4.788513565063476562e+01 1.648746728897094727e+00
3.050001254677771101e+01 5.067384719848632812e+01 1.535609006881713867e+00
3.150001260638236289e+01 5.402507781982421875e+01 2.779747962951660156e+00
3.250001266598701477e+01 6.000627136230468750e+01 6.665891647338867188e+00
3.350001272559164534e+01 6.942701721191406250e+01 1.535984897613525391e+01
3.450001278519629722e+01 8.782431030273437500e+01 3.914910888671875000e+01
3.550001284480094910e+01 1.066797714233398438e+02 7.046010589599609375e+01
3.650001290440560098e+01 9.219551849365234375e+01 4.415421295166015625e+01
3.750001296401022444e+01 6.931786346435546875e+01 1.512726497650146484e+01
3.850001302361487632e+01 5.856924819946289062e+01 5.859546184539794922e+00
3.950001308321952820e+01 5.314869689941406250e+01 2.735217571258544922e+00
4.050001314282415876e+01 5.057476043701171875e+01 2.482332944869995117e+00
4.150001320242881064e+01 4.739415740966796875e+01 1.671844959259033203e+00
4.250001326203346252e+01 4.781320953369140625e+01 2.463359832763671875e+00
4.350001332163811441e+01 4.787318420410156250e+01 2.162059068679809570e+00
4.450001338124273786e+01 4.861367416381835938e+01 2.939493417739868164e+00
4.550001344084738975e+01 5.153944396972656250e+01 5.894436359405517578e+00
4.650001350045204163e+01 5.269055175781250000e+01 7.371203422546386719e+00
4.750001356005667219e+01 5.190295028686523438e+01 5.363263607025146484e+00
4.850001361966132407e+01 5.179948043823242188e+01 7.087501049041748047e+00
4.950001367926597595e+01 5.292071533203125000e+01 6.916296482086181641e+00
5.050001373887062783e+01 5.566029739379882812e+01 9.047878265380859375e+00
5.150001379847527971e+01 5.879755401611328125e+01 1.107846927642822266e+01
5.250001385807988186e+01 5.968228912353515625e+01 1.243511390686035156e+01
5.350001391768453374e+01 6.064902877807617188e+01 1.205313396453857422e+01
5.450001397728918562e+01 6.316320800781250000e+01 1.407257461547851562e+01
5.550001403689383750e+01 6.722425079345703125e+01 1.888689613342285156e+01
5.650001409649848938e+01 7.131255340576171875e+01 2.519502639770507812e+01
5.750001415610314126e+01 6.814836883544921875e+01 2.371906852722167969e+01
5.850001421570779314e+01 5.825347137451171875e+01 1.540864944458007812e+01
5.950001427531239528e+01 5.422692108154296875e+01 9.644713401794433594e+00
6.050001433491704717e+01 4.835094451904296875e+01 4.881436347961425781e+00
6.150001439452169905e+01 4.695626449584960938e+01 3.333149194717407227e+00
6.250001445412635093e+01 4.778148651123046875e+01 3.433291912078857422e+00
6.350001451373100281e+01 4.838049697875976562e+01 5.249763488769531250e+00
6.450001457333564758e+01 4.871777343750000000e+01 4.188086509704589844e+00
6.550001463294030657e+01 4.844549179077148438e+01 3.595846652984619141e+00
6.650001469254490871e+01 4.649856948852539062e+01 2.190192461013793945e+00
6.750001475214955349e+01 4.607611465454101562e+01 2.636662244796752930e+00
6.850001481175421247e+01 4.675389099121093750e+01 2.179008960723876953e+00
6.950001487135885725e+01 4.786586761474609375e+01 2.578840494155883789e+00
7.050001493096351624e+01 4.987087631225585938e+01 2.998876810073852539e+00
7.150001499056816101e+01 5.056951522827148438e+01 3.570684671401977539e+00
7.250001505017282000e+01 5.055900192260742188e+01 3.307662963867187500e+00
7.350001510977742214e+01 5.063239288330078125e+01 3.343293666839599609e+00
7.450001516938206692e+01 5.214693069458007812e+01 6.206942081451416016e+00
7.550001522898672590e+01 6.352703094482421875e+01 3.430090713500976562e+01
7.650001528859137068e+01 5.117404556274414062e+01 2.092646837234497070e+00
7.750001534819602966e+01 5.281976699829101562e+01 1.745465993881225586e+00
7.850001540780068865e+01 5.359609222412109375e+01 1.442780613899230957e+00
7.950001546740533342e+01 5.500716781616210938e+01 1.768687725067138672e+00
8.050001552700993557e+01 5.703015899658203125e+01 1.951623320579528809e+00
8.150001558661458034e+01 6.193103027343750000e+01 3.682183980941772461e+00
8.250001564621923933e+01 6.442829895019531250e+01 4.721330642700195312e+00
8.350001570582388410e+01 6.540893554687500000e+01 7.327962875366210938e+00
8.450001576542854309e+01 6.979591369628906250e+01 1.042630195617675781e+01
8.550001582503320208e+01 7.297603607177734375e+01 1.138382339477539062e+01
8.650001588463784685e+01 7.382514190673828125e+01 1.240762996673583984e+01
8.750001594424244900e+01 3.040440559387207031e+01 6.350872516632080078e+00
8.850001600384709377e+01 1.455697536468505859e+00 2.452078759670257568e-01
8.950001606345175276e+01 1.171897411346435547e+00 1.599825173616409302e-01
9.050001612305641174e+01 9.595110893249511719e+00 3.253300189971923828e+00
9.150001618266105652e+01 5.267911911010742188e+01 5.675637245178222656e+00
9.250001624226571550e+01 5.164526367187500000e+01 3.361835479736328125e+00
9.350001630187036028e+01 5.118484115600585938e+01 3.223654031753540039e+00
9.450001636147496242e+01 5.308480453491210938e+01 3.064262866973876953e+00
9.550001642107962141e+01 5.207949066162109375e+01 3.090470552444458008e+00
9.650001648068426618e+01 5.158204650878906250e+01 3.025754451751708984e+00
9.750001654028892517e+01 5.040074920654296875e+01 3.634904861450195312e+00
9.850001659989356995e+01 5.074931335449218750e+01 2.793317556381225586e+00
9.950001665949822893e+01 5.085462951660156250e+01 3.180626630783081055e+00
1.005000167191028737e+02 5.061381530761718750e+01 2.539177656173706055e+00
1.015000167787074759e+02 5.014517593383789062e+01 2.187944412231445312e+00
1.025000168383121348e+02 5.023928451538085938e+01 2.683732271194458008e+00
1.035000168979167796e+02 5.025221252441406250e+01 2.088157653808593750e+00
1.045000169575214386e+02 5.251163482666015625e+01 2.791363954544067383e+00
1.055000170171260834e+02 5.220632171630859375e+01 2.568828582763671875e+00
1.065000170767307424e+02 5.399644470214843750e+01 3.339826107025146484e+00
1.075000171363353871e+02 5.434849166870117188e+01 2.701864242553710938e+00
1.085000171959399893e+02 5.759212112426757812e+01 3.197303771972656250e+00
1.095000172555446483e+02 5.784074020385742188e+01 3.231275558471679688e+00
1.105000173151492930e+02 5.914887237548828125e+01 4.248057365417480469e+00
1.115000173747539520e+02 6.155511093139648438e+01 5.100237846374511719e+00
1.125000174343585968e+02 6.565576934814453125e+01 7.381353378295898438e+00
1.135000174939632558e+02 7.315277862548828125e+01 1.346419143676757812e+01
1.145000175535679006e+02 8.282446289062500000e+01 2.189250373840332031e+01
1.155000176131725027e+02 9.385475158691406250e+01 3.304136657714843750e+01
1.165000176727771617e+02 1.659348144531250000e+02 1.810440521240234375e+02
1.175000177323818065e+02 9.466057586669921875e+01 3.030780029296875000e+01
1.185000177919864655e+02 8.829501342773437500e+01 2.317228889465332031e+01
1.195000178515911102e+02 9.356160736083984375e+01 3.595649337768554688e+01
1.205000179111957692e+02 7.316226196289062500e+01 9.817057609558105469e+00
1.215000179708003714e+02 6.762578582763671875e+01 5.761494636535644531e+00
1.225000180304050161e+02 6.264076995849609375e+01 4.028848648071289062e+00
1.235000180900096751e+02 6.045012664794921875e+01 1.569612622261047363e+00
1.245000181496143199e+02 6.038755035400390625e+01 1.312592148780822754e+00
1.255000182092189789e+02 6.119977569580078125e+01 1.860275864601135254e+00
1.265000182688236237e+02 6.316591262817382812e+01 4.015730857849121094e+00
1.275000183284282826e+02 6.657345581054687500e+01 7.118031978607177734e+00
1.285000183880328848e+02 7.525411987304687500e+01 1.403560256958007812e+01
1.295000184476375296e+02 8.603443908691406250e+01 2.565170669555664062e+01
1.305000185072421743e+02 1.012229156494140625e+02 3.897755813598632812e+01
1.315000185668468475e+02 1.051835632324218750e+02 4.246290588378906250e+01
1.325000186264514923e+02 1.015212326049804688e+02 3.265234375000000000e+01
1.335000186860561371e+02 8.383923339843750000e+01 2.051178359985351562e+01
1.345000187456607819e+02 7.421784210205078125e+01 1.053247833251953125e+01
1.355000188052653982e+02 6.863251495361328125e+01 6.116912364959716797e+00
1.365000188648700430e+02 6.536210632324218750e+01 4.227063655853271484e+00
1.375000189244746878e+02 6.552196502685546875e+01 3.947528600692749023e+00
1.385000189840793610e+02 6.563698577880859375e+01 4.222194194793701172e+00
1.395000190436840057e+02 6.530097198486328125e+01 4.296668052673339844e+00
1.405000191032886505e+02 7.223867034912109375e+01 1.140447425842285156e+01
1.415000191628932953e+02 1.217343826293945312e+02 1.416735992431640625e+02
1.425000192224979116e+02 7.319184112548828125e+01 9.846211433410644531e+00
1.435000192821025564e+02 7.549058532714843750e+01 1.012572479248046875e+01
1.445000193417072012e+02 7.686333465576171875e+01 1.202546310424804688e+01
1.455000194013118744e+02 7.563920593261718750e+01 1.181935787200927734e+01
1.465000194609165192e+02 7.179159545898437500e+01 8.915580749511718750e+00
1.475000195205211639e+02 6.868927764892578125e+01 6.654923915863037109e+00
1.485000195801258087e+02 6.631959533691406250e+01 4.296263694763183594e+00
1.495000196397304251e+02 6.381254577636718750e+01 3.546889543533325195e+00
1.505000196993350698e+02 6.284209823608398438e+01 2.753263950347900391e+00
1.515000197589397146e+02 6.287285995483398438e+01 2.377678394317626953e+00
1.525000198185443878e+02 6.412944793701171875e+01 3.260251760482788086e+00
1.535000198781490326e+02 6.821513366699218750e+01 4.747194766998291016e+00
1.545000199377536774e+02 7.402491760253906250e+01 9.694537162780761719e+00
1.555000199973583221e+02 8.673464965820312500e+01 2.136297225952148438e+01
1.565000200569629385e+02 1.137658691406250000e+02 4.920964813232421875e+01
1.575000201165675833e+02 1.510514068603515625e+02 9.195698547363281250e+01
1.585000201761722280e+02 1.623107757568359375e+02 1.033746185302734375e+02
1.595000202357769012e+02 1.316631317138671875e+02 7.100786590576171875e+01
1.605000202953815460e+02 9.684819030761718750e+01 3.374176025390625000e+01
1.615000203549861908e+02 7.555170440673828125e+01 1.542522907257080078e+01
1.625000204145908356e+02 6.645446014404296875e+01 6.903458595275878906e+00
1.635000204741954519e+02 6.290677261352539062e+01 4.941678524017333984e+00
1.645000205338000967e+02 6.605586242675781250e+01 1.424815368652343750e+01
1.655000205934047415e+02 5.992057037353515625e+01 4.659960746765136719e+00
1.665000206530094147e+02 5.896150207519531250e+01 3.785247087478637695e+00
1.675000207126140594e+02 5.961223983764648438e+01 3.216096162796020508e+00
1.685000207722187042e+02 6.021852493286132812e+01 3.387205362319946289e+00
1.695000208318233490e+02 6.098770904541015625e+01 3.427997589111328125e+00
1.705000208914279654e+02 6.362369537353515625e+01 5.004492282867431641e+00
1.715000209510326101e+02 6.935851287841796875e+01 9.310648918151855469e+00
1.725000210106372549e+02 8.043122100830078125e+01 1.818559837341308594e+01
1.735000210702419281e+02 9.918122863769531250e+01 3.716304016113281250e+01
1.745000211298465729e+02 2.146660995483398438e+01 3.275352096557617188e+01
1.755000211894512177e+02 0.000000000000000000e+00 0.000000000000000000e+00
1.765000212490558624e+02 0.000000000000000000e+00 0.000000000000000000e+00
1.775000213086604788e+02 0.000000000000000000e+00 0.000000000000000000e+00
1.785000213682651236e+02 0.000000000000000000e+00 0.000000000000000000e+00
1.795000214278697968e+02 0.000000000000000000e+00 0.000000000000000000e+00
