gamma  mean  std
-1.794999999701976776e+02 3.608883285522460938e+01 2.236799478530883789e+00
-1.784999999105930328e+02 3.550884246826171875e+01 8.158789873123168945e-01
-1.774999998509883881e+02 3.393806076049804688e+01 1.159985303878784180e+00
-1.764999997913837433e+02 3.440291595458984375e+01 9.330426454544067383e-01
-1.754999997317790985e+02 3.450615692138671875e+01 8.726876378059387207e-01
-1.744999996721744253e+02 3.385298919677734375e+01 9.421434402465820312e-01
-1.734999996125698090e+02 3.396424102783203125e+01 7.514799833297729492e-01
-1.724999995529651642e+02 3.359788131713867188e+01 1.545922994613647461e+00
-1.714999994933605194e+02 3.308643341064453125e+01 8.679151535034179688e-01
-1.704999994337558746e+02 3.294734191894531250e+01 7.648720145225524902e-01
-1.694999993741512299e+02 3.279085159301757812e+01 4.303193092346191406e-01
-1.684999993145465851e+02 3.284316635131835938e+01 8.698778152465820312e-01
-1.674999992549419403e+02 3.341809463500976562e+01 9.434865117073059082e-01
-1.664999991953372955e+02 3.326787567138671875e+01 1.190055727958679199e+00
-1.654999991357326508e+02 3.269325637817382812e+01 7.883349657058715820e-01
-1.644999990761280060e+02 3.263048171997070312e+01 7.072604894638061523e-01
-1.634999990165233612e+02 3.147607040405273438e+01 1.201766848564147949e+00
-1.624999989569187164e+02 3.226378250122070312e+01 1.075879216194152832e+00
-1.614999988973140717e+02 3.168720817565917969e+01 4.009524881839752197e-01
-1.604999988377094269e+02 3.139295578002929688e+01 8.277746438980102539e-01
-1.594999987781047821e+02 3.065164375305175781e+01 6.571876406669616699e-01
-1.584999987185001373e+02 3.132552909851074219e+01 8.489633202552795410e-01
-1.574999986588954926e+02 3.105565834045410156e+01 1.348332285881042480e+00
-1.564999985992908478e+02 3.158338737487792969e+01 5.558263659477233887e-01
-1.554999985396862030e+02 3.140727806091308594e+01 7.706713676452636719e-01
-1.544999984800815582e+02 3.193606758117675781e+01 1.267783880233764648e+00
-1.534999984204769135e+02 3.149860954284667969e+01 6.813955903053283691e-01
-1.524999983608722687e+02 3.168681526184082031e+01 8.605645895004272461e-01
-1.514999983012676239e+02 3.150805854797363281e+01 9.444937705993652344e-01
-1.504999982416629791e+02 3.109688186645507812e+01 7.914797067642211914e-01
-1.494999981820583344e+02 3.139819335937500000e+01 9.638420939445495605e-01
-1.484999981224536896e+02 3.134381294250488281e+01 1.582243323326110840e+00
-1.474999980628490448e+02 3.119772720336914062e+01 7.077710628509521484e-01
-1.464999980032444000e+02 3.132161521911621094e+01 6.073734164237976074e-01
-1.454999979436397552e+02 3.119137191772460938e+01 8.022614121437072754e-01
-1.444999978840351105e+02 3.158740425109863281e+01 1.641413807868957520e+00
-1.434999978244304657e+02 3.293957901000976562e+01 8.567835092544555664e-01
-1.424999977648258209e+02 3.327457427978515625e+01 1.047057509422302246e+00
-1.414999977052211761e+02 3.297777938842773438e+01 7.197575569152832031e-01
-1.404999976456165314e+02 3.276957321166992188e+01 4.275153577327728271e-01
-1.394999975860118866e+02 3.345109939575195312e+01 9.591713547706604004e-01
-1.384999975264072418e+02 3.245730972290039062e+01 1.414338231086730957e+00
-1.374999974668025970e+02 3.356793594360351562e+01 1.679102063179016113e+00
-1.364999974071979523e+02 3.323249053955078125e+01 1.230495095252990723e+00
-1.354999973475933075e+02 3.282686614990234375e+01 7.062967419624328613e-01
-1.344999972879886627e+02 3.443651199340820312e+01 9.010147452354431152e-01
-1.334999972283840179e+02 3.444689941406250000e+01 9.701957106590270996e-01
-1.324999971687793732e+02 3.362320327758789062e+01 1.110182404518127441e+00
-1.314999971091747284e+02 3.349835205078125000e+01 1.362976551055908203e+00
-1.304999970495700836e+02 3.301961517333984375e+01 1.100370645523071289e+00
-1.294999969899654388e+02 3.293822097778320312e+01 8.829324245452880859e-01
-1.284999969303607941e+02 3.344194412231445312e+01 1.066103100776672363e+00
-1.274999968707561493e+02 3.242063522338867188e+01 1.333837509155273438e+00
-1.264999968111514903e+02 3.236375045776367188e+01 5.486073493957519531e-01
-1.254999967515468740e+02 3.268183898925781250e+01 7.863805294036865234e-01
-1.244999966919422150e+02 3.320206069946289062e+01 8.818888664245605469e-01
-1.234999966323375702e+02 3.252895736694335938e+01 1.084296226501464844e+00
-1.224999965727329112e+02 3.307168197631835938e+01 1.335127592086791992e+00
-1.214999965131282806e+02 3.365524291992187500e+01 8.144917488098144531e-01
-1.204999964535236359e+02 3.481559371948242188e+01 4.802156090736389160e-01
-1.194999963939190053e+02 3.464271163940429688e+01 1.018962025642395020e+00
-1.184999963343143605e+02 3.585369491577148438e+01 1.021470069885253906e+00
-1.174999962747097015e+02 3.519076919555664062e+01 1.269609093666076660e+00
-1.164999962151050568e+02 3.566158676147460938e+01 7.537524700164794922e-01
-1.154999961555003978e+02 3.546707916259765625e+01 1.196506381034851074e+00
-1.144999960958957672e+02 3.542401504516601562e+01 8.724871873855590820e-01
-1.134999960362911224e+02 3.474303817749023438e+01 8.544322252273559570e-01
-1.124999959766864777e+02 3.514325714111328125e+01 1.327983140945434570e+00
-1.114999959170818329e+02 3.383294296264648438e+01 6.565274596214294434e-01
-1.104999958574771881e+02 3.456937026977539062e+01 8.731280565261840820e-01
-1.094999957978725291e+02 3.369003677368164062e+01 1.063762187957763672e+00
-1.084999957382678986e+02 3.388095855712890625e+01 8.070047497749328613e-01
-1.074999956786632538e+02 3.374665069580078125e+01 1.023664712905883789e+00
-1.064999956190586090e+02 3.346128082275390625e+01 1.108288407325744629e+00
-1.054999955594539642e+02 3.351031112670898438e+01 2.008595466613769531e+00
-1.044999954998493195e+02 3.363658905029296875e+01 1.119229674339294434e+00
-1.034999954402446747e+02 3.394503021240234375e+01 6.420855522155761719e-01
-1.024999953806400299e+02 3.325909805297851562e+01 1.245808601379394531e+00
-1.014999953210353851e+02 3.433868026733398438e+01 1.060936927795410156e+00
-1.004999952614307404e+02 3.234352874755859375e+01 9.117923974990844727e-01
-9.949999520182609558e+01 3.352751922607421875e+01 1.025818347930908203e+00
-9.849999514222145081e+01 3.247693252563476562e+01 7.657720446586608887e-01
-9.749999508261680603e+01 3.303163146972656250e+01 1.032573342323303223e+00
-9.649999502301216125e+01 3.303450775146484375e+01 6.948354244232177734e-01
-9.549999496340751648e+01 3.283877182006835938e+01 8.694086074829101562e-01
-9.449999490380287170e+01 3.227903366088867188e+01 1.007977247238159180e+00
-9.349999484419822693e+01 3.238055038452148438e+01 5.789362788200378418e-01
-9.249999478459358215e+01 3.241511917114257812e+01 7.764878869056701660e-01
-9.149999472498893738e+01 3.229527664184570312e+01 8.917050957679748535e-01
-9.049999466538429260e+01 3.246139144897460938e+01 1.272329807281494141e+00
-8.949999460577964783e+01 3.171557044982910156e+01 1.070972800254821777e+00
-8.849999454617500305e+01 3.307171249389648438e+01 6.932967305183410645e-01
-8.749999448657035828e+01 3.402312088012695312e+01 5.036079287528991699e-01
-8.649999442696571350e+01 3.400170516967773438e+01 1.099296808242797852e+00
-8.549999436736106873e+01 3.342224884033203125e+01 1.173973798751831055e+00
-8.449999430775642395e+01 3.447916793823242188e+01 8.574720025062561035e-01
-8.349999424815177917e+01 3.506379318237304688e+01 1.070593714714050293e+00
-8.249999418854713440e+01 3.423729324340820312e+01 1.404837012290954590e+00
-8.149999412894248962e+01 3.453211212158203125e+01 1.450476884841918945e+00
-8.049999406933784485e+01 3.320935821533203125e+01 1.278097867965698242e+00
-7.949999400973320007e+01 3.307403945922851562e+01 1.022769451141357422e+00
-7.849999395012855530e+01 3.286312103271484375e+01 6.516976952552795410e-01
-7.749999389052391052e+01 3.176256752014160156e+01 1.328644156455993652e+00
-7.649999383091926575e+01 3.105590438842773438e+01 1.252690672874450684e+00
-7.549999377131462097e+01 3.118819618225097656e+01 1.018715381622314453e+00
-7.449999371170997620e+01 3.206170654296875000e+01 1.145968198776245117e+00
-7.349999365210533142e+01 3.139730834960937500e+01 5.804040431976318359e-01
-7.249999359250068665e+01 3.134513282775878906e+01 1.635635733604431152e+00
-7.149999353289604187e+01 3.121223831176757812e+01 1.194739937782287598e+00
-7.049999347329139709e+01 3.165977668762207031e+01 1.174673914909362793e+00
-6.949999341368675232e+01 3.180093383789062500e+01 1.003658056259155273e+00
-6.849999335408210754e+01 3.173969650268554688e+01 4.185064136981964111e-01
-6.749999329447746277e+01 3.211179733276367188e+01 9.555350542068481445e-01
-6.649999323487281799e+01 3.212680816650390625e+01 7.343208789825439453e-01
-6.549999317526817322e+01 3.191865921020507812e+01 8.209998607635498047e-01
-6.449999311566352844e+01 3.156040000915527344e+01 8.135650753974914551e-01
-6.349999305605889788e+01 3.187730598449707031e+01 1.091213583946228027e+00
-6.249999299645424600e+01 3.140999031066894531e+01 1.028145790100097656e+00
-6.149999293684959412e+01 3.107804298400878906e+01 9.738748669624328613e-01
-6.049999287724494224e+01 3.086965751647949219e+01 7.897922992706298828e-01
-5.949999281764031167e+01 3.056925392150878906e+01 4.517624974250793457e-01
-5.849999275803565979e+01 3.073391723632812500e+01 7.684236764907836914e-01
-5.749999269843100791e+01 3.111211204528808594e+01 9.104900360107421875e-01
-5.649999263882638445e+01 3.058114624023437500e+01 1.183377027511596680e+00
-5.549999257922173257e+01 3.062013816833496094e+01 1.210143804550170898e+00
-5.449999251961708069e+01 2.978684616088867188e+01 1.283014774322509766e+00
-5.349999246001242881e+01 3.093130493164062500e+01 6.684561371803283691e-01
-5.249999240040779824e+01 3.048961067199707031e+01 1.003468871116638184e+00
-5.149999234080314636e+01 3.012977600097656250e+01 1.098934650421142578e+00
-5.049999228119849448e+01 3.091639900207519531e+01 7.887645363807678223e-01
-4.949999222159387102e+01 2.993206405639648438e+01 9.018732905387878418e-01
-4.849999216198921914e+01 2.990737915039062500e+01 5.566996932029724121e-01
-4.749999210238456726e+01 3.023160743713378906e+01 1.051690816879272461e+00
-4.649999204277991538e+01 2.922903823852539062e+01 8.556346893310546875e-01
-4.549999198317528482e+01 2.983679389953613281e+01 6.568337082862854004e-01
-4.449999192357063293e+01 2.949244880676269531e+01 4.693175256252288818e-01
-4.349999186396598105e+01 3.014982604980468750e+01 7.251442670822143555e-01
-4.249999180436135759e+01 2.922173118591308594e+01 1.106690645217895508e+00
-4.149999174475670571e+01 2.964950370788574219e+01 8.920774459838867188e-01
-4.049999168515205383e+01 2.974676895141601562e+01 7.457772493362426758e-01
-3.949999162554740195e+01 2.924333763122558594e+01 5.403963923454284668e-01
-3.849999156594277139e+01 2.932895851135253906e+01 4.818851351737976074e-01
-3.749999150633811951e+01 3.000666809082031250e+01 8.217993378639221191e-01
-3.649999144673346763e+01 2.995100784301757812e+01 3.504636585712432861e-01
-3.549999138712884417e+01 3.002676773071289062e+01 1.059543490409851074e+00
-3.449999132752419229e+01 2.980806350708007812e+01 9.369257092475891113e-01
-3.349999126791954041e+01 2.958481788635253906e+01 4.825875163078308105e-01
-3.249999120831488852e+01 3.009256362915039062e+01 6.445773243904113770e-01
-3.149999114871025796e+01 2.984310913085937500e+01 9.017218947410583496e-01
-3.049999108910560608e+01 3.054673385620117188e+01 1.322022080421447754e+00
-2.949999102950095420e+01 2.983197212219238281e+01 5.889798998832702637e-01
-2.849999096989632719e+01 3.045514297485351562e+01 6.545249223709106445e-01
-2.749999091029167531e+01 3.136489295959472656e+01 6.434622406959533691e-01
-2.649999085068702342e+01 3.023286056518554688e+01 7.648268938064575195e-01
-2.549999079108239641e+01 3.078780746459960938e+01 5.030287504196166992e-01
-2.449999073147774453e+01 3.124810409545898438e+01 8.692570328712463379e-01
-2.349999067187309265e+01 3.123879623413085938e+01 9.254946112632751465e-01
-2.249999061226844077e+01 3.196809959411621094e+01 6.291916966438293457e-01
-2.149999055266381376e+01 3.175095558166503906e+01 1.232044219970703125e+00
-2.049999049305916188e+01 3.160051155090332031e+01 1.268205165863037109e+00
-1.949999043345451000e+01 3.255375289916992188e+01 1.240945219993591309e+00
-1.849999037384988299e+01 3.249596405029296875e+01 1.045984625816345215e+00
-1.749999031424523110e+01 3.240505218505859375e+01 1.257438659667968750e+00
-1.649999025464057922e+01 3.319806671142578125e+01 9.806768894195556641e-01
-1.549999019503592734e+01 3.304451370239257812e+01 7.599732279777526855e-01
-1.449999013543130033e+01 3.422964096069335938e+01 1.039651870727539062e+00
-1.349999007582664845e+01 3.419144821166992188e+01 1.162341594696044922e+00
-1.249999001622199657e+01 3.646194076538085938e+01 8.094494938850402832e-01
-1.149998995661736956e+01 3.659140777587890625e+01 6.529420018196105957e-01
-1.049998989701271768e+01 3.786663818359375000e+01 1.130328655242919922e+00
-9.499989837408065796e+00 3.830900955200195312e+01 1.243001937866210938e+00
-8.499989777803413915e+00 3.793040847778320312e+01 2.195076465606689453e+00
-7.499989718198786903e+00 3.793944549560546875e+01 1.176722049713134766e+00
-6.499989658594135022e+00 3.738120269775390625e+01 2.554798126220703125e+00
-5.499989598989483142e+00 3.742465972900390625e+01 2.682804346084594727e+00
-4.499989539384856130e+00 3.693029022216796875e+01 2.531246423721313477e+00
-3.499989479780204249e+00 3.659049606323242188e+01 2.653535127639770508e+00
-2.499989420175551924e+00 3.655367279052734375e+01 2.099256038665771484e+00
-1.499989360570899821e+00 3.618157958984375000e+01 1.200807690620422363e+00
-4.999893009662732535e-01 3.696975326538085938e+01 1.047658324241638184e+00
5.000107586383788494e-01 0.000000000000000000e+00 0.000000000000000000e+00
1.500010818243030952e+00 0.000000000000000000e+00 0.000000000000000000e+00
2.500010877847657742e+00 0.000000000000000000e+00 0.000000000000000000e+00
3.500010937452309623e+00 3.244742965698242188e+01 2.948876380920410156e+00
4.500010997056961948e+00 3.277062225341796875e+01 1.272955536842346191e+00
5.500011056661613829e+00 3.160767936706542969e+01 1.015671014785766602e+00
6.500011116266240840e+00 3.140993309020996094e+01 9.254463315010070801e-01
7.500011175870892721e+00 3.113799667358398438e+01 1.202454805374145508e+00
8.500011235475545490e+00 3.147811698913574219e+01 7.788679599761962891e-01
9.500011295080170726e+00 3.137477493286132812e+01 1.100307703018188477e+00
1.050001135468482261e+01 3.153055381774902344e+01 7.481302022933959961e-01
1.150001141428947626e+01 3.233784484863281250e+01 1.363698124885559082e+00
1.250001147389410150e+01 3.307304763793945312e+01 1.273975729942321777e+00
1.350001153349875338e+01 3.283177566528320312e+01 9.262688159942626953e-01
1.450001159310340704e+01 3.256621170043945312e+01 6.812854409217834473e-01
1.550001165270805892e+01 3.193123435974121094e+01 6.946396231651306152e-01
1.650001171231268415e+01 3.205075073242187500e+01 7.989362478256225586e-01
1.750001177191733603e+01 3.255242538452148438e+01 1.812088131904602051e+00
1.850001183152198792e+01 3.228375625610351562e+01 1.480712652206420898e+00
1.950001189112661493e+01 3.226441192626953125e+01 1.831835031509399414e+00
2.050001195073126681e+01 3.247880172729492188e+01 1.339456319808959961e+00
2.150001201033591869e+01 3.202076339721679688e+01 1.108165621757507324e+00
2.250001206994057057e+01 3.132547569274902344e+01 7.822322249412536621e-01
2.350001212954519758e+01 3.136262321472167969e+01 4.678430855274200439e-01
2.450001218914984946e+01 3.228018569946289062e+01 8.321324586868286133e-01
2.550001224875450134e+01 3.157157516479492188e+01 1.010559201240539551e+00
2.650001230835912835e+01 3.125529670715332031e+01 1.152070879936218262e+00
2.750001236796378024e+01 3.111808395385742188e+01 1.434742808341979980e+00
2.850001242756843212e+01 3.072249412536621094e+01 8.717030882835388184e-01
2.950001248717308400e+01 3.075891113281250000e+01 8.113536834716796875e-01
3.050001254677771101e+01 3.065833854675292969e+01 9.274185299873352051e-01
3.150001260638236289e+01 3.018060874938964844e+01 1.089302897453308105e+00
3.250001266598701477e+01 2.945241928100585938e+01 8.128451108932495117e-01
3.350001272559164534e+01 2.904574775695800781e+01 1.371930599212646484e+00
3.450001278519629722e+01 2.973979187011718750e+01 8.540911078453063965e-01
3.550001284480094910e+01 2.932658576965332031e+01 6.693437695503234863e-01
3.650001290440560098e+01 2.962923812866210938e+01 8.783360719680786133e-01
3.750001296401022444e+01 3.034846305847167969e+01 9.765239953994750977e-01
3.850001302361487632e+01 3.062277793884277344e+01 1.051618337631225586e+00
3.950001308321952820e+01 3.082347679138183594e+01 1.074036717414855957e+00
4.050001314282415876e+01 3.005684280395507812e+01 1.130855441093444824e+00
4.150001320242881064e+01 3.132645225524902344e+01 1.072687387466430664e+00
4.250001326203346252e+01 3.048376083374023438e+01 5.075386166572570801e-01
4.350001332163811441e+01 3.085926246643066406e+01 1.038703441619873047e+00
4.450001338124273786e+01 3.072298622131347656e+01 1.705970525741577148e+00
4.550001344084738975e+01 3.167446899414062500e+01 8.786062002182006836e-01
4.650001350045204163e+01 3.102778625488281250e+01 7.721921801567077637e-01
4.750001356005667219e+01 3.090935897827148438e+01 1.160623431205749512e+00
4.850001361966132407e+01 3.140388679504394531e+01 1.467575311660766602e+00
4.950001367926597595e+01 3.186650466918945312e+01 8.606918454170227051e-01
5.050001373887062783e+01 3.185252571105957031e+01 8.733274340629577637e-01
5.150001379847527971e+01 3.101346206665039062e+01 6.135247349739074707e-01
5.250001385807988186e+01 3.032980346679687500e+01 8.513523936271667480e-01
5.350001391768453374e+01 3.144536972045898438e+01 6.116989850997924805e-01
5.450001397728918562e+01 3.079003524780273438e+01 1.094611883163452148e+00
5.550001403689383750e+01 3.083238410949707031e+01 6.611726880073547363e-01
5.650001409649848938e+01 3.054099845886230469e+01 9.349123835563659668e-01
5.750001415610314126e+01 3.151769065856933594e+01 9.811745882034301758e-01
5.850001421570779314e+01 3.099829483032226562e+01 8.748028874397277832e-01
5.950001427531239528e+01 3.168552780151367188e+01 1.381942987442016602e+00
6.050001433491704717e+01 3.199871826171875000e+01 4.829336702823638916e-01
6.150001439452169905e+01 3.356127548217773438e+01 1.058081150054931641e+00
6.250001445412635093e+01 3.297772598266601562e+01 5.738118886947631836e-01
6.350001451373100281e+01 3.471471786499023438e+01 1.112148523330688477e+00
6.450001457333564758e+01 3.509859848022460938e+01 1.853118538856506348e+00
6.550001463294030657e+01 3.670436859130859375e+01 2.425661325454711914e+00
6.650001469254490871e+01 3.672045516967773438e+01 2.195091009140014648e+00
6.750001475214955349e+01 3.324331665039062500e+01 1.447051882743835449e+00
6.850001481175421247e+01 3.225302886962890625e+01 7.956925034523010254e-01
6.950001487135885725e+01 3.243182754516601562e+01 8.862005472183227539e-01
7.050001493096351624e+01 3.243397521972656250e+01 1.306262850761413574e+00
7.150001499056816101e+01 3.249491500854492188e+01 8.085893392562866211e-01
7.250001505017282000e+01 3.215832519531250000e+01 1.295716643333435059e+00
7.350001510977742214e+01 3.291156005859375000e+01 1.081137537956237793e+00
7.450001516938206692e+01 3.326799392700195312e+01 1.211014628410339355e+00
7.550001522898672590e+01 3.433454132080078125e+01 1.951367974281311035e+00
7.650001528859137068e+01 3.469048690795898438e+01 2.490680217742919922e+00
7.750001534819602966e+01 3.427828598022460938e+01 1.560355305671691895e+00
7.850001540780068865e+01 3.139876365661621094e+01 1.298337101936340332e+00
7.950001546740533342e+01 3.136173057556152344e+01 1.153646826744079590e+00
8.050001552700993557e+01 3.043367576599121094e+01 1.176350831985473633e+00
8.150001558661458034e+01 3.131110000610351562e+01 1.058889150619506836e+00
8.250001564621923933e+01 2.916593933105468750e+01 1.097227573394775391e+00
8.350001570582388410e+01 2.655888557434082031e+01 5.821067690849304199e-01
8.450001576542854309e+01 2.678322410583496094e+01 8.928660750389099121e-01
8.550001582503320208e+01 2.716016578674316406e+01 1.154984354972839355e+00
8.650001588463784685e+01 2.730462074279785156e+01 6.341134309768676758e-01
8.750001594424244900e+01 2.723533058166503906e+01 1.463142871856689453e+00
8.850001600384709377e+01 4.084898471832275391e+00 5.608638525009155273e-01
8.950001606345175276e+01 8.695154786109924316e-01 9.762290120124816895e-02
9.050001612305641174e+01 2.222725296020507812e+01 5.105900764465332031e-01
9.150001618266105652e+01 3.023156929016113281e+01 8.586817383766174316e-01
9.250001624226571550e+01 3.046765327453613281e+01 1.265856742858886719e+00
9.350001630187036028e+01 3.246739959716796875e+01 1.210090517997741699e+00
9.450001636147496242e+01 3.490659332275390625e+01 1.493586778640747070e+00
9.550001642107962141e+01 3.544272994995117188e+01 9.685311317443847656e-01
9.650001648068426618e+01 3.461962890625000000e+01 1.085725069046020508e+00
9.750001654028892517e+01 3.471138000488281250e+01 1.366721987724304199e+00
9.850001659989356995e+01 3.383288574218750000e+01 6.978326439857482910e-01
9.950001665949822893e+01 3.426443099975585938e+01 1.242201566696166992e+00
1.005000167191028737e+02 3.328778457641601562e+01 1.177468538284301758e+00
1.015000167787074759e+02 3.239159011840820312e+01 5.740225911140441895e-01
1.025000168383121348e+02 3.310766601562500000e+01 1.146344661712646484e+00
1.035000168979167796e+02 3.265272903442382812e+01 9.739493131637573242e-01
1.045000169575214386e+02 3.270677566528320312e+01 1.015461444854736328e+00
1.055000170171260834e+02 3.270339584350585938e+01 8.937938809394836426e-01
1.065000170767307424e+02 3.310828018188476562e+01 1.031821370124816895e+00
1.075000171363353871e+02 3.352066802978515625e+01 1.803007841110229492e+00
1.085000171959399893e+02 3.469034576416015625e+01 8.309959173202514648e-01
1.095000172555446483e+02 3.394530105590820312e+01 1.131154417991638184e+00
1.105000173151492930e+02 3.402819061279296875e+01 1.100666046142578125e+00
1.115000173747539520e+02 3.467651748657226562e+01 5.454573631286621094e-01
1.125000174343585968e+02 3.445169448852539062e+01 6.190903782844543457e-01
1.135000174939632558e+02 3.416707611083984375e+01 5.365557074546813965e-01
1.145000175535679006e+02 3.367793273925781250e+01 1.364821791648864746e+00
1.155000176131725027e+02 3.296357345581054688e+01 4.624710679054260254e-01
1.165000176727771617e+02 3.307511138916015625e+01 1.666700482368469238e+00
1.175000177323818065e+02 3.287684631347656250e+01 1.189370870590209961e+00
1.185000177919864655e+02 3.295236968994140625e+01 1.160292029380798340e+00
1.195000178515911102e+02 3.357983016967773438e+01 6.643227934837341309e-01
1.205000179111957692e+02 3.431197738647460938e+01 9.612306356430053711e-01
1.215000179708003714e+02 3.471249008178710938e+01 8.804749846458435059e-01
1.225000180304050161e+02 3.481571960449218750e+01 8.201623558998107910e-01
1.235000180900096751e+02 3.585880279541015625e+01 1.063761472702026367e+00
1.245000181496143199e+02 3.724201202392578125e+01 2.349380970001220703e+00
1.255000182092189789e+02 3.624037933349609375e+01 1.248884558677673340e+00
1.265000182688236237e+02 3.680917739868164062e+01 1.735828757286071777e+00
1.275000183284282826e+02 3.526993179321289062e+01 1.482894539833068848e+00
1.285000183880328848e+02 3.495954132080078125e+01 9.901638031005859375e-01
1.295000184476375296e+02 3.419890975952148438e+01 9.667574763298034668e-01
1.305000185072421743e+02 3.478891754150390625e+01 1.393389701843261719e+00
1.315000185668468475e+02 3.518941497802734375e+01 2.380504846572875977e+00
1.325000186264514923e+02 3.913263702392578125e+01 6.511959075927734375e+00
1.335000186860561371e+02 5.098892211914062500e+01 2.031715774536132812e+01
1.345000187456607819e+02 6.313162612915039062e+01 3.804881286621093750e+01
1.355000188052653982e+02 5.247960662841796875e+01 2.317817687988281250e+01
1.365000188648700430e+02 3.987948989868164062e+01 6.957367897033691406e+00
1.375000189244746878e+02 3.486105346679687500e+01 9.784544110298156738e-01
1.385000189840793610e+02 3.261800384521484375e+01 8.784816265106201172e-01
1.395000190436840057e+02 3.221563720703125000e+01 1.602840423583984375e+00
1.405000191032886505e+02 3.242686843872070312e+01 1.218079209327697754e+00
1.415000191628932953e+02 3.137561225891113281e+01 1.130888104438781738e+00
1.425000192224979116e+02 3.174772071838378906e+01 1.121305584907531738e+00
1.435000192821025564e+02 3.227669906616210938e+01 1.227887272834777832e+00
1.445000193417072012e+02 3.266563034057617188e+01 8.386844992637634277e-01
1.455000194013118744e+02 3.255965805053710938e+01 1.069306015968322754e+00
1.465000194609165192e+02 3.226427841186523438e+01 9.096924662590026855e-01
1.475000195205211639e+02 3.240694808959960938e+01 4.720271527767181396e-01
1.485000195801258087e+02 3.196604728698730469e+01 8.078626990318298340e-01
1.495000196397304251e+02 3.227945709228515625e+01 8.686334490776062012e-01
1.505000196993350698e+02 3.116558456420898438e+01 6.242581009864807129e-01
1.515000197589397146e+02 3.201525878906250000e+01 6.565368175506591797e-01
1.525000198185443878e+02 3.316943740844726562e+01 9.973753094673156738e-01
1.535000198781490326e+02 3.512821578979492188e+01 4.998200416564941406e+00
1.545000199377536774e+02 3.433509445190429688e+01 1.145785093307495117e+00
1.555000199973583221e+02 3.347448348999023438e+01 1.048149943351745605e+00
1.565000200569629385e+02 3.332727432250976562e+01 6.126788854598999023e-01
1.575000201165675833e+02 3.386796951293945312e+01 1.262245059013366699e+00
1.585000201761722280e+02 3.438460922241210938e+01 6.015290021896362305e-01
1.595000202357769012e+02 3.528284835815429688e+01 9.020177125930786133e-01
1.605000202953815460e+02 3.530310821533203125e+01 7.864480614662170410e-01
1.615000203549861908e+02 3.492486953735351562e+01 3.344156146049499512e-01
1.625000204145908356e+02 3.555703353881835938e+01 1.203439116477966309e+00
1.635000204741954519e+02 3.599013900756835938e+01 5.878009796142578125e-01
1.645000205338000967e+02 3.604271697998046875e+01 9.105306863784790039e-01
1.655000205934047415e+02 3.444702911376953125e+01 8.988388776779174805e-01
1.665000206530094147e+02 3.517891311645507812e+01 1.268945097923278809e+00
1.675000207126140594e+02 3.621366119384765625e+01 1.061480760574340820e+00
1.685000207722187042e+02 3.728895950317382812e+01 1.067698717117309570e+00
1.695000208318233490e+02 3.792535400390625000e+01 9.650766849517822266e-01
1.705000208914279654e+02 3.778131103515625000e+01 4.600244462490081787e-01
1.715000209510326101e+02 3.904854965209960938e+01 9.206908345222473145e-01
1.725000210106372549e+02 4.009386062622070312e+01 1.307378172874450684e+00
1.735000210702419281e+02 4.061304092407226562e+01 7.172151207923889160e-01
1.745000211298465729e+02 3.968027496337890625e+01 1.186619997024536133e+00
1.755000211894512177e+02 3.978234863281250000e+01 2.132879018783569336e+00
1.765000212490558624e+02 3.877200698852539062e+01 2.378715038299560547e+00
1.775000213086604788e+02 0.000000000000000000e+00 0.000000000000000000e+00
1.785000213682651236e+02 0.000000000000000000e+00 0.000000000000000000e+00
1.795000214278697968e+02 0.000000000000000000e+00 0.000000000000000000e+00
