gamma  mean  std
-1.794999999701976776e+02 0.000000000000000000e+00 0.000000000000000000e+00
-1.784999999105930328e+02 6.608523559570312500e+01 8.568212509155273438e+00
-1.774999998509883881e+02 7.316901397705078125e+01 1.717912101745605469e+01
-1.764999997913837433e+02 7.771585083007812500e+01 2.425302886962890625e+01
-1.754999997317790985e+02 7.153747558593750000e+01 1.709755516052246094e+01
-1.744999996721744253e+02 6.276830673217773438e+01 6.911553859710693359e+00
-1.734999996125698090e+02 5.898315429687500000e+01 2.047503709793090820e+00
-1.724999995529651642e+02 5.644392395019531250e+01 2.156239509582519531e+00
-1.714999994933605194e+02 5.551928710937500000e+01 1.199967145919799805e+00
-1.704999994337558746e+02 5.569760513305664062e+01 1.712432265281677246e+00
-1.694999993741512299e+02 5.504318618774414062e+01 2.132909774780273438e+00
-1.684999993145465851e+02 5.468414306640625000e+01 1.927987217903137207e+00
-1.674999992549419403e+02 5.432098770141601562e+01 2.858677625656127930e+00
-1.664999991953372955e+02 5.386677551269531250e+01 1.771627187728881836e+00
-1.654999991357326508e+02 5.384525680541992188e+01 1.881246328353881836e+00
-1.644999990761280060e+02 5.390108108520507812e+01 1.760720849037170410e+00
-1.634999990165233612e+02 5.483826065063476562e+01 2.108954906463623047e+00
-1.624999989569187164e+02 5.508834075927734375e+01 2.109631776809692383e+00
-1.614999988973140717e+02 5.540946197509765625e+01 2.543470621109008789e+00
-1.604999988377094269e+02 5.730764007568359375e+01 3.288681268692016602e+00
-1.594999987781047821e+02 5.721777343750000000e+01 3.353217124938964844e+00
-1.584999987185001373e+02 5.890727996826171875e+01 5.009411334991455078e+00
-1.574999986588954926e+02 6.223966598510742188e+01 7.453251838684082031e+00
-1.564999985992908478e+02 6.803618621826171875e+01 1.283625984191894531e+01
-1.554999985396862030e+02 7.560422515869140625e+01 2.175988578796386719e+01
-1.544999984800815582e+02 8.300692749023437500e+01 2.893845367431640625e+01
-1.534999984204769135e+02 8.317367553710937500e+01 2.959638404846191406e+01
-1.524999983608722687e+02 7.673421478271484375e+01 2.152773094177246094e+01
-1.514999983012676239e+02 7.008615112304687500e+01 1.183637619018554688e+01
-1.504999982416629791e+02 6.882310485839843750e+01 8.651764869689941406e+00
-1.494999981820583344e+02 1.098070526123046875e+02 9.816710662841796875e+01
-1.484999981224536896e+02 7.094296264648437500e+01 1.445794391632080078e+01
-1.474999980628490448e+02 7.733228302001953125e+01 2.429361343383789062e+01
-1.464999980032444000e+02 7.456658172607421875e+01 2.130034828186035156e+01
-1.454999979436397552e+02 6.764720916748046875e+01 1.329506015777587891e+01
-1.444999978840351105e+02 6.288205718994140625e+01 7.128639698028564453e+00
-1.434999978244304657e+02 6.014127349853515625e+01 3.606069564819335938e+00
-1.424999977648258209e+02 5.814678192138671875e+01 3.543446063995361328e+00
-1.414999977052211761e+02 5.771581268310546875e+01 2.222481250762939453e+00
-1.404999976456165314e+02 5.743944549560546875e+01 2.528849363327026367e+00
-1.394999975860118866e+02 5.803585433959960938e+01 2.588199377059936523e+00
-1.384999975264072418e+02 5.769944381713867188e+01 1.535883069038391113e+00
-1.374999974668025970e+02 5.663700866699218750e+01 1.899484276771545410e+00
-1.364999974071979523e+02 5.825758743286132812e+01 1.680171847343444824e+00
-1.354999973475933075e+02 5.670600891113281250e+01 1.671013355255126953e+00
-1.344999972879886627e+02 5.653683090209960938e+01 1.402145147323608398e+00
-1.334999972283840179e+02 5.861706161499023438e+01 1.607129693031311035e+00
-1.324999971687793732e+02 5.968789291381835938e+01 2.084247350692749023e+00
-1.314999971091747284e+02 6.248656845092773438e+01 8.256909370422363281e+00
-1.304999970495700836e+02 7.484509277343750000e+01 3.165330314636230469e+01
-1.294999969899654388e+02 6.474131774902343750e+01 8.909536361694335938e+00
-1.284999969303607941e+02 5.882154846191406250e+01 3.445343732833862305e+00
-1.274999968707561493e+02 5.782470703125000000e+01 2.297122955322265625e+00
-1.264999968111514903e+02 5.681824111938476562e+01 2.809760808944702148e+00
-1.254999967515468740e+02 5.500646209716796875e+01 2.960999488830566406e+00
-1.244999966919422150e+02 5.399338912963867188e+01 2.878485441207885742e+00
-1.234999966323375702e+02 5.370715332031250000e+01 3.391983032226562500e+00
-1.224999965727329112e+02 5.174679946899414062e+01 4.630419731140136719e+00
-1.214999965131282806e+02 5.075089645385742188e+01 2.931521177291870117e+00
-1.204999964535236359e+02 5.086466217041015625e+01 2.964155912399291992e+00
-1.194999963939190053e+02 5.002451324462890625e+01 3.435169696807861328e+00
-1.184999963343143605e+02 4.970575332641601562e+01 2.216734170913696289e+00
-1.174999962747097015e+02 4.875145721435546875e+01 1.818042993545532227e+00
-1.164999962151050568e+02 4.883995819091796875e+01 2.182217359542846680e+00
-1.154999961555003978e+02 4.767582702636718750e+01 2.415877342224121094e+00
-1.144999960958957672e+02 4.752248382568359375e+01 2.238110065460205078e+00
-1.134999960362911224e+02 4.751725769042968750e+01 2.186947345733642578e+00
-1.124999959766864777e+02 4.781442642211914062e+01 1.588588118553161621e+00
-1.114999959170818329e+02 4.800088882446289062e+01 1.682581901550292969e+00
-1.104999958574771881e+02 4.789642333984375000e+01 1.713286519050598145e+00
-1.094999957978725291e+02 4.806760787963867188e+01 1.414971470832824707e+00
-1.084999957382678986e+02 5.112016296386718750e+01 4.479225635528564453e+00
-1.074999956786632538e+02 4.996630096435546875e+01 1.589316964149475098e+00
-1.064999956190586090e+02 4.924948501586914062e+01 1.640873432159423828e+00
-1.054999955594539642e+02 4.905213928222656250e+01 1.429422974586486816e+00
-1.044999954998493195e+02 4.894536590576171875e+01 1.845078945159912109e+00
-1.034999954402446747e+02 4.994227981567382812e+01 2.065368175506591797e+00
-1.024999953806400299e+02 4.892410659790039062e+01 2.275607824325561523e+00
-1.014999953210353851e+02 4.878562545776367188e+01 1.847331643104553223e+00
-1.004999952614307404e+02 4.958186340332031250e+01 3.440338134765625000e+00
-9.949999520182609558e+01 4.862159729003906250e+01 1.243651866912841797e+00
-9.849999514222145081e+01 4.791028594970703125e+01 1.528553605079650879e+00
-9.749999508261680603e+01 4.813492584228515625e+01 1.968182325363159180e+00
-9.649999502301216125e+01 4.826782608032226562e+01 1.642448067665100098e+00
-9.549999496340751648e+01 5.023242187500000000e+01 1.702324151992797852e+00
-9.449999490380287170e+01 5.190653228759765625e+01 3.305278062820434570e+00
-9.349999484419822693e+01 5.495301055908203125e+01 3.603803634643554688e+00
-9.249999478459358215e+01 6.017676544189453125e+01 8.582323074340820312e+00
-9.149999472498893738e+01 6.841291809082031250e+01 1.511425495147705078e+01
-9.049999466538429260e+01 8.143066406250000000e+01 3.205182266235351562e+01
-8.949999460577964783e+01 1.031891174316406250e+02 6.745333099365234375e+01
-8.849999454617500305e+01 1.484150085449218750e+02 1.211114196777343750e+02
-8.749999448657035828e+01 1.661623687744140625e+02 1.472874450683593750e+02
-8.649999442696571350e+01 1.379264068603515625e+02 1.083089294433593750e+02
-8.549999436736106873e+01 9.768575286865234375e+01 5.694933319091796875e+01
-8.449999430775642395e+01 7.786109924316406250e+01 2.769250679016113281e+01
-8.349999424815177917e+01 7.000883483886718750e+01 1.885716438293457031e+01
-8.249999418854713440e+01 6.536017608642578125e+01 1.398204135894775391e+01
-8.149999412894248962e+01 5.745894241333007812e+01 7.397925376892089844e+00
-8.049999406933784485e+01 5.389468765258789062e+01 3.672556638717651367e+00
-7.949999400973320007e+01 5.097766113281250000e+01 2.003958702087402344e+00
-7.849999395012855530e+01 5.100494766235351562e+01 2.303752660751342773e+00
-7.749999389052391052e+01 5.261655044555664062e+01 2.749186754226684570e+00
-7.649999383091926575e+01 5.436468124389648438e+01 3.087442636489868164e+00
-7.549999377131462097e+01 5.753560256958007812e+01 5.525146484375000000e+00
-7.449999371170997620e+01 6.310108184814453125e+01 9.993709564208984375e+00
-7.349999365210533142e+01 7.547676849365234375e+01 2.171955490112304688e+01
-7.249999359250068665e+01 9.869647979736328125e+01 4.699325180053710938e+01
-7.149999353289604187e+01 1.373933258056640625e+02 9.525864410400390625e+01
-7.049999347329139709e+01 1.786008300781250000e+02 1.355057525634765625e+02
-6.949999341368675232e+01 1.618935546875000000e+02 9.852548980712890625e+01
-6.849999335408210754e+01 1.121104812622070312e+02 3.771748733520507812e+01
-6.749999329447746277e+01 9.079985046386718750e+01 1.974310302734375000e+01
-6.649999323487281799e+01 8.589519500732421875e+01 1.599429130554199219e+01
-6.549999317526817322e+01 8.687014770507812500e+01 2.022996520996093750e+01
-6.449999311566352844e+01 8.978088378906250000e+01 2.660415840148925781e+01
-6.349999305605889788e+01 8.433255767822265625e+01 2.203318023681640625e+01
-6.249999299645424600e+01 7.858112335205078125e+01 1.371110439300537109e+01
-6.149999293684959412e+01 7.130011749267578125e+01 7.657464504241943359e+00
-6.049999287724494224e+01 6.588539123535156250e+01 4.918755054473876953e+00
-5.949999281764031167e+01 6.369443511962890625e+01 5.093670845031738281e+00
-5.849999275803565979e+01 6.801836395263671875e+01 8.572047233581542969e+00
-5.749999269843100791e+01 7.743472290039062500e+01 2.025702476501464844e+01
-5.649999263882638445e+01 1.048110198974609375e+02 5.504890060424804688e+01
-5.549999257922173257e+01 2.026723632812500000e+02 2.034625244140625000e+02
-5.449999251961708069e+01 5.269839477539062500e+02 7.388684692382812500e+02
-5.349999246001242881e+01 7.370587158203125000e+02 9.887528076171875000e+02
-5.249999240040779824e+01 2.565431213378906250e+02 2.416912231445312500e+02
-5.149999234080314636e+01 1.078763809204101562e+02 5.081700134277343750e+01
-5.049999228119849448e+01 7.234458160400390625e+01 1.601195144653320312e+01
-4.949999222159387102e+01 6.001108169555664062e+01 7.785642623901367188e+00
-4.849999216198921914e+01 5.461294174194335938e+01 3.545223474502563477e+00
-4.749999210238456726e+01 5.065208435058593750e+01 2.108102560043334961e+00
-4.649999204277991538e+01 4.832349014282226562e+01 2.607562780380249023e+00
-4.549999198317528482e+01 4.787634277343750000e+01 3.120899200439453125e+00
-4.449999192357063293e+01 9.546735382080078125e+01 9.284245300292968750e+01
-4.349999186396598105e+01 4.668164443969726562e+01 3.759432077407836914e+00
-4.249999180436135759e+01 4.520583724975585938e+01 2.046956539154052734e+00
-4.149999174475670571e+01 4.513504409790039062e+01 2.298044204711914062e+00
-4.049999168515205383e+01 4.471317672729492188e+01 2.811707258224487305e+00
-3.949999162554740195e+01 4.558348846435546875e+01 3.342692136764526367e+00
-3.849999156594277139e+01 4.554079055786132812e+01 3.278282403945922852e+00
-3.749999150633811951e+01 4.490023422241210938e+01 3.897047519683837891e+00
-3.649999144673346763e+01 4.375622558593750000e+01 3.414144277572631836e+00
-3.549999138712884417e+01 4.478036880493164062e+01 3.735307931900024414e+00
-3.449999132752419229e+01 4.491465377807617188e+01 3.453308582305908203e+00
-3.349999126791954041e+01 4.770422744750976562e+01 7.345269680023193359e+00
-3.249999120831488852e+01 5.131288528442382812e+01 1.264477634429931641e+01
-3.149999114871025796e+01 4.503103256225585938e+01 2.186630249023437500e+00
-3.049999108910560608e+01 4.525458526611328125e+01 2.679618597030639648e+00
-2.949999102950095420e+01 4.560649108886718750e+01 1.959312200546264648e+00
-2.849999096989632719e+01 4.580171585083007812e+01 2.647769212722778320e+00
-2.749999091029167531e+01 4.669804000854492188e+01 2.583800554275512695e+00
-2.649999085068702342e+01 4.872114944458007812e+01 3.227718591690063477e+00
-2.549999079108239641e+01 5.169075393676757812e+01 5.344078063964843750e+00
-2.449999073147774453e+01 5.881591033935546875e+01 9.348520278930664062e+00
-2.349999067187309265e+01 7.345049285888671875e+01 2.284221267700195312e+01
-2.249999061226844077e+01 1.093541259765625000e+02 6.299854660034179688e+01
-2.149999055266381376e+01 2.140183410644531250e+02 2.013754425048828125e+02
-2.049999049305916188e+01 4.115560302734375000e+02 4.866551513671875000e+02
-1.949999043345451000e+01 4.870436706542968750e+02 5.974801635742187500e+02
-1.849999037384988299e+01 2.999506530761718750e+02 3.150242919921875000e+02
-1.749999031424523110e+01 1.465489654541015625e+02 1.056086273193359375e+02
-1.649999025464057922e+01 8.729727172851562500e+01 3.793047332763671875e+01
-1.549999019503592734e+01 6.508470153808593750e+01 1.525394058227539062e+01
-1.449999013543130033e+01 5.497882843017578125e+01 7.479763984680175781e+00
-1.349999007582664845e+01 5.062097167968750000e+01 3.740247726440429688e+00
-1.249999001622199657e+01 4.843362808227539062e+01 3.279383182525634766e+00
-1.149998995661736956e+01 4.733636856079101562e+01 2.991056680679321289e+00
-1.049998989701271768e+01 4.659352493286132812e+01 1.411438822746276855e+00
-9.499989837408065796e+00 4.560849761962890625e+01 1.850697398185729980e+00
-8.499989777803413915e+00 4.567486190795898438e+01 2.050170898437500000e+00
-7.499989718198786903e+00 4.529033660888671875e+01 2.251543998718261719e+00
-6.499989658594135022e+00 4.589713668823242188e+01 1.760238409042358398e+00
-5.499989598989483142e+00 4.543647003173828125e+01 1.771659851074218750e+00
-4.499989539384856130e+00 4.575965118408203125e+01 2.487262725830078125e+00
-3.499989479780204249e+00 4.595076751708984375e+01 1.872367143630981445e+00
-2.499989420175551924e+00 4.536880874633789062e+01 1.734440922737121582e+00
-1.499989360570899821e+00 4.522039031982421875e+01 1.887872099876403809e+00
-4.999893009662732535e-01 0.000000000000000000e+00 0.000000000000000000e+00
5.000107586383788494e-01 0.000000000000000000e+00 0.000000000000000000e+00
1.500010818243030952e+00 0.000000000000000000e+00 0.000000000000000000e+00
2.500010877847657742e+00 0.000000000000000000e+00 0.000000000000000000e+00
3.500010937452309623e+00 0.000000000000000000e+00 0.000000000000000000e+00
4.500010997056961948e+00 0.000000000000000000e+00 0.000000000000000000e+00
5.500011056661613829e+00 1.244353294372558594e+01 1.869345474243164062e+01
6.500011116266240840e+00 4.502017974853515625e+01 3.336670160293579102e+00
7.500011175870892721e+00 4.605687713623046875e+01 3.025834798812866211e+00
8.500011235475545490e+00 4.758125686645507812e+01 2.478427886962890625e+00
9.500011295080170726e+00 4.827976226806640625e+01 2.932736396789550781e+00
1.050001135468482261e+01 4.980243682861328125e+01 4.876379489898681641e+00
1.150001141428947626e+01 5.234317779541015625e+01 6.952344417572021484e+00
1.250001147389410150e+01 5.138396835327148438e+01 8.276261329650878906e+00
1.350001153349875338e+01 4.890793991088867188e+01 5.067200183868408203e+00
1.450001159310340704e+01 4.826470947265625000e+01 4.832570552825927734e+00
1.550001165270805892e+01 9.342237091064453125e+01 7.108783721923828125e+01
1.650001171231268415e+01 6.544699096679687500e+01 2.340055847167968750e+01
1.750001177191733603e+01 4.422751998901367188e+01 3.327129364013671875e+00
1.850001183152198792e+01 4.160050201416015625e+01 1.038269281387329102e+00
1.950001189112661493e+01 4.096348571777343750e+01 1.195258259773254395e+00
2.050001195073126681e+01 4.095168685913085938e+01 1.355106949806213379e+00
2.150001201033591869e+01 4.159723281860351562e+01 1.266171932220458984e+00
2.250001206994057057e+01 4.136886978149414062e+01 1.062161922454833984e+00
2.350001212954519758e+01 4.167197799682617188e+01 1.141210079193115234e+00
2.450001218914984946e+01 4.215898895263671875e+01 1.265415430068969727e+00
2.550001224875450134e+01 4.388168716430664062e+01 1.685365080833435059e+00
2.650001230835912835e+01 4.766423034667968750e+01 4.156540393829345703e+00
2.750001236796378024e+01 5.487349319458007812e+01 1.025863456726074219e+01
2.850001242756843212e+01 7.303019714355468750e+01 3.111309623718261719e+01
2.950001248717308400e+01 1.288457183837890625e+02 1.048154602050781250e+02
3.050001254677771101e+01 2.248163299560546875e+02 2.483850860595703125e+02
3.150001260638236289e+01 2.199511718750000000e+02 2.436162414550781250e+02
3.250001266598701477e+01 1.212924423217773438e+02 9.850636291503906250e+01
3.350001272559164534e+01 7.273783874511718750e+01 3.118317413330078125e+01
3.450001278519629722e+01 5.649013137817382812e+01 1.127228736877441406e+01
3.550001284480094910e+01 4.937129592895507812e+01 4.520847320556640625e+00
3.650001290440560098e+01 4.813837051391601562e+01 2.501263618469238281e+00
3.750001296401022444e+01 4.921700668334960938e+01 4.895437717437744141e+00
3.850001302361487632e+01 5.247552871704101562e+01 8.694226264953613281e+00
3.950001308321952820e+01 5.252774429321289062e+01 1.055718517303466797e+01
4.050001314282415876e+01 5.015393447875976562e+01 7.681975841522216797e+00
4.150001320242881064e+01 4.707313537597656250e+01 5.301949024200439453e+00
4.250001326203346252e+01 4.532281875610351562e+01 2.932699203491210938e+00
4.350001332163811441e+01 4.434745407104492188e+01 1.734220385551452637e+00
4.450001338124273786e+01 4.396337509155273438e+01 2.318918943405151367e+00
4.550001344084738975e+01 4.419535064697265625e+01 2.101227998733520508e+00
4.650001350045204163e+01 4.492688751220703125e+01 2.598179340362548828e+00
4.750001356005667219e+01 4.569041061401367188e+01 2.168412446975708008e+00
4.850001361966132407e+01 4.489270401000976562e+01 3.614184141159057617e+00
4.950001367926597595e+01 5.799252700805664062e+01 2.471723556518554688e+01
5.050001373887062783e+01 5.326688766479492188e+01 1.568236541748046875e+01
5.150001379847527971e+01 4.550610351562500000e+01 4.213133335113525391e+00
5.250001385807988186e+01 4.546816635131835938e+01 3.870817422866821289e+00
5.350001391768453374e+01 4.508320999145507812e+01 3.337103366851806641e+00
5.450001397728918562e+01 4.573970031738281250e+01 3.635031223297119141e+00
5.550001403689383750e+01 4.540566635131835938e+01 2.831265687942504883e+00
5.650001409649848938e+01 4.569976425170898438e+01 2.125305891036987305e+00
5.750001415610314126e+01 4.459074401855468750e+01 2.431588888168334961e+00
5.850001421570779314e+01 4.549805068969726562e+01 2.078996896743774414e+00
5.950001427531239528e+01 4.570452880859375000e+01 1.307763695716857910e+00
6.050001433491704717e+01 4.560499954223632812e+01 1.588395237922668457e+00
6.150001439452169905e+01 4.772978210449218750e+01 2.630528211593627930e+00
6.250001445412635093e+01 5.090462112426757812e+01 5.057281970977783203e+00
6.350001451373100281e+01 5.712925720214843750e+01 1.066040229797363281e+01
6.450001457333564758e+01 7.594104766845703125e+01 3.056004905700683594e+01
6.550001463294030657e+01 1.426543121337890625e+02 1.101492538452148438e+02
6.650001469254490871e+01 3.591516723632812500e+02 4.070075683593750000e+02
6.750001475214955349e+01 6.456922607421875000e+02 8.454092407226562500e+02
6.850001481175421247e+01 4.740380859375000000e+02 5.792824096679687500e+02
6.950001487135885725e+01 1.887732238769531250e+02 1.631096801757812500e+02
7.050001493096351624e+01 9.069581604003906250e+01 4.265908813476562500e+01
7.150001499056816101e+01 6.313202285766601562e+01 1.576107692718505859e+01
7.250001505017282000e+01 5.601865005493164062e+01 9.383768081665039062e+00
7.350001510977742214e+01 5.164585876464843750e+01 5.069632053375244141e+00
7.450001516938206692e+01 4.998149108886718750e+01 3.691938638687133789e+00
7.550001522898672590e+01 4.878153228759765625e+01 4.236638545989990234e+00
7.650001528859137068e+01 4.783282470703125000e+01 3.881553411483764648e+00
7.750001534819602966e+01 4.800904846191406250e+01 3.407720327377319336e+00
7.850001540780068865e+01 4.743504333496093750e+01 2.405059337615966797e+00
7.950001546740533342e+01 4.770498275756835938e+01 2.571346282958984375e+00
8.050001552700993557e+01 4.739023590087890625e+01 2.202142715454101562e+00
8.150001558661458034e+01 4.773795318603515625e+01 3.337301969528198242e+00
8.250001564621923933e+01 4.597943878173828125e+01 2.550869226455688477e+00
8.350001570582388410e+01 4.296875381469726562e+01 1.083810687065124512e+00
8.450001576542854309e+01 4.262563705444335938e+01 1.492028236389160156e+00
8.550001582503320208e+01 4.320929336547851562e+01 2.046566963195800781e+00
8.650001588463784685e+01 4.444567489624023438e+01 3.252256155014038086e+00
8.750001594424244900e+01 1.927231025695800781e+01 4.276155948638916016e+00
8.850001600384709377e+01 1.310532331466674805e+00 2.722345888614654541e-01
8.950001606345175276e+01 1.243538498878479004e+00 2.432000935077667236e-01
9.050001612305641174e+01 7.919401168823242188e+00 2.891701936721801758e+00
9.150001618266105652e+01 4.142940521240234375e+01 2.767391443252563477e+00
9.250001624226571550e+01 4.217974472045898438e+01 1.841581821441650391e+00
9.350001630187036028e+01 4.418328857421875000e+01 2.268968582153320312e+00
9.450001636147496242e+01 4.761913299560546875e+01 3.784079074859619141e+00
9.550001642107962141e+01 4.861447906494140625e+01 3.866820335388183594e+00
9.650001648068426618e+01 4.792386245727539062e+01 3.444512844085693359e+00
9.750001654028892517e+01 4.904685211181640625e+01 3.266209602355957031e+00
9.850001659989356995e+01 4.970446777343750000e+01 3.953603506088256836e+00
9.950001665949822893e+01 5.071386718750000000e+01 4.515332221984863281e+00
1.005000167191028737e+02 5.070838165283203125e+01 3.278815507888793945e+00
1.015000167787074759e+02 5.183806991577148438e+01 3.832546949386596680e+00
1.025000168383121348e+02 5.159441375732421875e+01 3.937407493591308594e+00
1.035000168979167796e+02 5.197648620605468750e+01 3.733560562133789062e+00
1.045000169575214386e+02 5.247039031982421875e+01 3.784405708312988281e+00
1.055000170171260834e+02 5.297419738769531250e+01 3.575081348419189453e+00
1.065000170767307424e+02 5.433110809326171875e+01 3.411488771438598633e+00
1.075000171363353871e+02 5.437176513671875000e+01 1.856230735778808594e+00
1.085000171959399893e+02 5.464863967895507812e+01 1.515003561973571777e+00
1.095000172555446483e+02 5.537892532348632812e+01 2.197523593902587891e+00
1.105000173151492930e+02 6.408264160156250000e+01 1.272463703155517578e+01
1.115000173747539520e+02 8.509842681884765625e+01 3.396209716796875000e+01
1.125000174343585968e+02 5.645735931396484375e+01 3.652869939804077148e+00
1.135000174939632558e+02 5.644757843017578125e+01 2.588273286819458008e+00
1.145000175535679006e+02 5.514105987548828125e+01 1.989693045616149902e+00
1.155000176131725027e+02 5.710403060913085938e+01 2.206266164779663086e+00
1.165000176727771617e+02 5.724791717529296875e+01 2.585752487182617188e+00
1.175000177323818065e+02 5.721594619750976562e+01 2.149897813796997070e+00
1.185000177919864655e+02 5.819031524658203125e+01 2.799956560134887695e+00
1.195000178515911102e+02 5.804363632202148438e+01 2.734951019287109375e+00
1.205000179111957692e+02 5.988444519042968750e+01 3.837949514389038086e+00
1.215000179708003714e+02 6.075850296020507812e+01 5.328193187713623047e+00
1.225000180304050161e+02 6.287856292724609375e+01 8.636663436889648438e+00
1.235000180900096751e+02 6.205413818359375000e+01 6.181479930877685547e+00
1.245000181496143199e+02 5.914189147949218750e+01 3.341952323913574219e+00
1.255000182092189789e+02 5.698714065551757812e+01 2.340473413467407227e+00
1.265000182688236237e+02 5.554743194580078125e+01 2.388086557388305664e+00
1.275000183284282826e+02 5.550454330444335938e+01 2.053241252899169922e+00
1.285000183880328848e+02 5.451638412475585938e+01 2.199075222015380859e+00
1.295000184476375296e+02 5.400050354003906250e+01 2.803498983383178711e+00
1.305000185072421743e+02 5.461014556884765625e+01 2.499227285385131836e+00
1.315000185668468475e+02 6.159297943115234375e+01 3.991584300994873047e+00
1.325000186264514923e+02 3.288447875976562500e+02 4.983594665527343750e+02
1.335000186860561371e+02 5.961288833618164062e+01 7.625989437103271484e+00
1.345000187456607819e+02 5.577639389038085938e+01 2.081855535507202148e+00
1.355000188052653982e+02 5.504990005493164062e+01 2.700747013092041016e+00
1.365000188648700430e+02 5.492266464233398438e+01 2.880152940750122070e+00
1.375000189244746878e+02 5.555137252807617188e+01 3.642772436141967773e+00
1.385000189840793610e+02 5.696022796630859375e+01 4.104055404663085938e+00
1.395000190436840057e+02 5.577582168579101562e+01 5.434187889099121094e+00
1.405000191032886505e+02 5.448437118530273438e+01 3.395291328430175781e+00
1.415000191628932953e+02 5.452014160156250000e+01 3.311278343200683594e+00
1.425000192224979116e+02 5.336566162109375000e+01 2.915878534317016602e+00
1.435000192821025564e+02 5.333986282348632812e+01 2.456596612930297852e+00
1.445000193417072012e+02 5.336444473266601562e+01 2.146039009094238281e+00
1.455000194013118744e+02 5.481017303466796875e+01 2.902379512786865234e+00
1.465000194609165192e+02 5.364081192016601562e+01 3.315172910690307617e+00
1.475000195205211639e+02 5.442401885986328125e+01 3.182214498519897461e+00
1.485000195801258087e+02 5.453377914428710938e+01 2.861518859863281250e+00
1.495000196397304251e+02 5.495736312866210938e+01 2.740614175796508789e+00
1.505000196993350698e+02 5.467175674438476562e+01 2.829198598861694336e+00
1.515000197589397146e+02 5.385672760009765625e+01 2.305276155471801758e+00
1.525000198185443878e+02 5.475872802734375000e+01 3.028375148773193359e+00
1.535000198781490326e+02 5.400823211669921875e+01 2.236701011657714844e+00
1.545000199377536774e+02 5.444622039794921875e+01 3.091050148010253906e+00
1.555000199973583221e+02 5.436403656005859375e+01 3.024743795394897461e+00
1.565000200569629385e+02 5.523237609863281250e+01 3.483262538909912109e+00
1.575000201165675833e+02 5.582348632812500000e+01 3.568210840225219727e+00
1.585000201761722280e+02 5.668017578125000000e+01 3.220617055892944336e+00
1.595000202357769012e+02 5.725528717041015625e+01 2.958514451980590820e+00
1.605000202953815460e+02 5.854141616821289062e+01 2.866673707962036133e+00
1.615000203549861908e+02 6.094465637207031250e+01 1.900458931922912598e+00
1.625000204145908356e+02 6.266709518432617188e+01 3.074775934219360352e+00
1.635000204741954519e+02 6.859203338623046875e+01 6.360841274261474609e+00
1.645000205338000967e+02 7.284784698486328125e+01 1.010019874572753906e+01
1.655000205934047415e+02 7.863573455810546875e+01 1.581315422058105469e+01
1.665000206530094147e+02 8.116836547851562500e+01 1.554015541076660156e+01
1.675000207126140594e+02 7.870387268066406250e+01 1.135556697845458984e+01
1.685000207722187042e+02 7.542597198486328125e+01 6.321576118469238281e+00
1.695000208318233490e+02 7.540645599365234375e+01 7.012009620666503906e+00
1.705000208914279654e+02 7.841704559326171875e+01 1.277085685729980469e+01
1.715000209510326101e+02 9.510328674316406250e+01 3.444148254394531250e+01
1.725000210106372549e+02 1.471229858398437500e+02 1.085963973999023438e+02
1.735000210702419281e+02 2.545870056152343750e+02 2.667545166015625000e+02
1.745000211298465729e+02 2.948700904846191406e+01 4.622581481933593750e+01
1.755000211894512177e+02 0.000000000000000000e+00 0.000000000000000000e+00
1.765000212490558624e+02 0.000000000000000000e+00 0.000000000000000000e+00
1.775000213086604788e+02 0.000000000000000000e+00 0.000000000000000000e+00
1.785000213682651236e+02 0.000000000000000000e+00 0.000000000000000000e+00
1.795000214278697968e+02 0.000000000000000000e+00 0.000000000000000000e+00
